models/Monterey_Bay_130x142_n37s36w-122e-122/materials/textures/gebco/gebco_2021_n37.07611083984375_s36.48284912109375_w-122.24212646484376_e-121.69830322265626.asc
ncols        130
nrows        142
xllcorner    -122.241666666667
yllcorner    36.483333333333
cellsize     0.004166666667
NODATA_value -32767
[rows 40 to 79 of 142, columns 0 to 88 of 130]
-122 -111 -105 -102 -102 -102 -102 -102 -102 -102 -101 -100 -86 -86 -87 -87 -87 -88 -88 -89 -88 -85 -84 -80 -75 -74 -74 -74 -74 -73 -72 -70 -68 -66 -65 -65 -63 -60 -58 -55 -51 -49 -47 -45 -47 -46 -45 -44 -43 -43 -42 -40 -38 -37 -36 -36 -35 -35 -34 -34 -34 -33 -32 -32 -31 -31 -30 -30 -30 -30 -29 -29 -28 -28 -27 -26 -26 -25 -25 -25 -25 -24 -23 -22 -21 -20 -19 -19 -18
-143 -115 -107 -104 -103 -102 -103 -105 -105 -103 -101 -100 -98 -93 -89 -88 -89 -90 -90 -89 -89 -89 -87 -87 -85 -81 -77 -77 -76 -75 -74 -74 -74 -71 -71 -68 -66 -62 -59 -56 -53 -50 -49 -53 -53 -50 -48 -47 -46 -44 -43 -43 -43 -40 -38 -38 -38 -37 -36 -35 -34 -34 -34 -32 -32 -32 -32 -32 -32 -31 -31 -30 -30 -29 -28 -28 -27 -26 -26 -26 -27 -26 -24 -23 -22 -21 -21 -20 -19
-159 -125 -116 -111 -108 -105 -105 -108 -107 -104 -102 -100 -98 -96 -93 -91 -92 -92 -91 -90 -90 -90 -90 -87 -86 -84 -83 -82 -81 -79 -77 -76 -75 -71 -72 -70 -68 -64 -60 -58 -54 -52 -60 -59 -58 -54 -52 -50 -49 -48 -46 -45 -45 -43 -41 -40 -39 -38 -37 -36 -35 -35 -34 -33 -32 -32 -33 -33 -32 -32 -32 -31 -30 -30 -29 -29 -28 -28 -27 -27 -27 -26 -25 -25 -24 -23 -22 -21 -20
-174 -140 -125 -120 -118 -112 -110 -109 -107 -105 -103 -100 -97 -96 -95 -94 -93 -93 -92 -90 -91 -91 -91 -87 -87 -87 -87 -87 -87 -83 -80 -78 -76 -73 -74 -72 -69 -65 -62 -62 -67 -66 -65 -65 -64 -56 -54 -54 -53 -52 -50 -48 -47 -45 -43 -43 -42 -41 -39 -37 -36 -36 -35 -34 -33 -33 -34 -33 -33 -33 -32 -32 -31 -31 -30 -30 -30 -29 -28 -28 -27 -27 -27 -26 -25 -24 -23 -22 -21
-196 -157 -138 -134 -131 -125 -120 -115 -110 -106 -104 -101 -98 -97 -95 -95 -95 -94 -93 -91 -91 -92 -91 -91 -90 -89 -89 -88 -88 -85 -83 -81 -79 -77 -76 -73 -69 -66 -64 -63 -70 -69 -68 -67 -65 -61 -58 -57 -56 -55 -53 -52 -51 -49 -47 -46 -45 -44 -42 -41 -39 -38 -37 -35 -34 -34 -34 -33 -33 -33 -33 -33 -33 -32 -32 -32 -31 -31 -30 -29 -28 -28 -28 -27 -26 -25 -24 -23 -22
-338 -231 -165 -170 -169 -170 -167 -149 -126 -114 -109 -109 -106 -103 -100 -97 -95 -95 -94 -93 -92 -92 -92 -91 -90 -90 -89 -88 -87 -87 -85 -85 -83 -80 -77 -74 -71 -68 -75 -74 -73 -72 -71 -70 -67 -64 -62 -61 -60 -59 -58 -56 -55 -53 -52 -51 -50 -49 -47 -45 -43 -42 -40 -37 -36 -36 -35 -34 -35 -36 -35 -36 -36 -35 -35 -34 -34 -33 -32 -31 -30 -30 -29 -28 -28 -26 -25 -23 -22
-436 -477 -373 -199 -224 -239 -237 -209 -165 -134 -119 -121 -119 -114 -111 -105 -100 -98 -97 -95 -94 -93 -92 -91 -91 -91 -90 -88 -87 -87 -86 -85 -85 -82 -81 -82 -85 -78 -78 -77 -76 -74 -73 -73 -71 -65 -64 -64 -64 -63 -62 -62 -60 -58 -56 -55 -55 -54 -53 -51 -48 -47 -45 -41 -41 -65 -67 -72 -74 -41 -55 -54 -53 -40 -38 -37 -37 -36 -35 -34 -33 -32 -31 -31 -30 -28 -26 -25 -23
-450 -489 -588 -722 -542 -368 -282 -258 -212 -166 -134 -124 -118 -116 -117 -115 -109 -106 -103 -100 -97 -94 -93 -92 -91 -91 -90 -89 -87 -87 -86 -86 -85 -84 -85 -85 -85 -84 -82 -82 -79 -77 -75 -75 -75 -73 -71 -69 -69 -68 -68 -68 -67 -64 -62 -61 -60 -59 -59 -58 -57 -59 -61 -58 -55 -67 -69 -69 -72 -78 -57 -55 -54 -54 -45 -44 -43 -43 -43 -42 -42 -41 -40 -36 -32 -32 -32 -28 -25
-460 -495 -615 -713 -693 -497 -318 -290 -247 -219 -178 -136 -122 -118 -119 -119 -116 -116 -112 -106 -101 -98 -96 -94 -92 -91 -90 -89 -87 -87 -86 -86 -86 -86 -86 -85 -85 -84 -83 -83 -83 -83 -78 -77 -76 -75 -73 -72 -72 -71 -71 -71 -70 -68 -66 -65 -65 -63 -62 -62 -67 -69 -72 -66 -79 -75 -72 -69 -74 -80 -61 -59 -57 -57 -58 -49 -48 -47 -47 -46 -45 -44 -42 -40 -37 -36 -34 -30 -27
-528 -561 -644 -703 -709 -590 -451 -382 -296 -267 -243 -182 -137 -125 -122 -120 -118 -119 -115 -108 -103 -100 -99 -97 -94 -92 -91 -90 -89 -88 -87 -87 -86 -86 -86 -85 -85 -85 -84 -84 -83 -83 -79 -82 -82 -81 -80 -75 -74 -73 -73 -73 -72 -71 -70 -69 -68 -66 -64 -65 -67 -69 -72 -77 -80 -78 -75 -74 -78 -83 -84 -65 -63 -61 -61 -62 -50 -51 -51 -49 -47 -45 -44 -43 -42 -39 -36 -33 -29
-633 -661 -710 -742 -739 -675 -592 -550 -423 -304 -292 -256 -192 -131 -129 -125 -121 -120 -117 -110 -103 -101 -99 -98 -96 -93 -92 -91 -90 -90 -89 -88 -87 -87 -86 -86 -85 -85 -85 -84 -84 -83 -83 -82 -82 -82 -81 -78 -77 -76 -76 -75 -74 -74 -73 -72 -71 -69 -68 -68 -69 -70 -73 -77 -81 -81 -77 -78 -82 -84 -84 -83 -68 -66 -64 -63 -55 -54 -53 -51 -49 -48 -46 -45 -43 -41 -38 -35 -31
-773 -818 -841 -845 -818 -726 -660 -693 -659 -490 -362 -313 -289 -235 -135 -135 -131 -128 -128 -121 -110 -102 -100 -98 -97 -96 -94 -94 -93 -92 -92 -92 -91 -87 -87 -86 -86 -85 -85 -85 -84 -83 -83 -83 -82 -83 -82 -82 -81 -81 -79 -78 -77 -76 -75 -75 -74 -74 -73 -72 -71 -72 -76 -79 -84 -93 -95 -82 -84 -84 -83 -83 -73 -69 -67 -67 -59 -57 -55 -53 -51 -50 -49 -47 -45 -43 -40 -38 -36
-922 -969 -925 -881 -840 -771 -761 -780 -741 -597 -424 -335 -293 -274 -307 -206 -141 -140 -138 -131 -122 -119 -108 -101 -99 -98 -97 -96 -94 -94 -94 -95 -96 -97 -96 -95 -94 -90 -88 -86 -85 -84 -84 -83 -83 -84 -83 -82 -82 -82 -81 -82 -82 -81 -82 -82 -78 -78 -78 -75 -76 -87 -81 -85 -90 -121 -156 -120 -90 -84 -81 -77 -76 -76 -71 -68 -64 -61 -58 -56 -54 -54 -54 -52 -48 -46 -43 -44 -43
-1013 -1021 -941 -889 -876 -859 -851 -800 -710 -591 -457 -366 -302 -278 -313 -277 -145 -147 -142 -134 -122 -119 -116 -107 -103 -100 -99 -97 -96 -95 -95 -96 -97 -97 -96 -95 -94 -93 -91 -89 -85 -84 -84 -84 -84 -84 -83 -82 -82 -82 -81 -82 -82 -81 -83 -83 -85 -79 -74 -72 -75 -88 -81 -100 -110 -141 -176 -151 -105 -86 -80 -77 -76 -76 -75 -73 -70 -67 -65 -64 -64 -62 -62 -61 -60 -57 -56 -53 -50
-1089 -1054 -1003 -978 -966 -921 -847 -735 -643 -562 -467 -395 -328 -300 -337 -368 -334 -312 -201 -140 -126 -119 -118 -113 -107 -102 -101 -99 -97 -96 -96 -97 -97 -97 -96 -96 -95 -94 -93 -93 -93 -94 -93 -87 -85 -85 -83 -82 -83 -82 -82 -82 -82 -82 -83 -83 -83 -88 -91 -90 -88 -87 -92 -113 -129 -154 -181 -152 -104 -87 -80 -78 -77 -77 -76 -75 -72 -70 -68 -66 -65 -65 -64 -64 -63 -61 -59 -52 -51
-1149 -1104 -1060 -1031 -996 -896 -783 -682 -607 -524 -449 -415 -383 -359 -370 -373 -332 -312 -257 -140 -124 -120 -120 -116 -110 -104 -103 -101 -97 -97 -97 -97 -97 -97 -97 -97 -96 -96 -94 -93 -93 -94 -93 -90 -85 -85 -83 -82 -83 -82 -83 -83 -83 -82 -83 -83 -84 -89 -93 -92 -89 -88 -92 -104 -134 -160 -168 -134 -94 -86 -81 -79 -78 -77 -77 -74 -73 -72 -70 -68 -66 -65 -65 -66 -65 -63 -61 -52 -51
-1175 -1110 -1036 -985 -950 -858 -767 -685 -605 -515 -445 -431 -445 -429 -397 -371 -331 -314 -314 -233 -119 -121 -121 -116 -111 -107 -106 -106 -109 -107 -99 -99 -99 -98 -97 -97 -96 -96 -95 -93 -93 -93 -93 -92 -93 -92 -92 -91 -91 -92 -84 -84 -83 -83 -84 -83 -84 -89 -92 -92 -100 -102 -106 -114 -119 -140 -144 -120 -94 -85 -82 -79 -78 -78 -77 -77 -76 -74 -72 -70 -69 -68 -68 -68 -67 -65 -64 -52 -54
-1104 -1022 -942 -892 -862 -795 -737 -688 -626 -547 -485 -469 -495 -519 -458 -372 -332 -318 -318 -307 -236 -177 -140 -120 -115 -112 -111 -113 -112 -109 -105 -104 -102 -99 -99 -98 -97 -97 -96 -95 -94 -93 -93 -92 -92 -92 -91 -91 -90 -90 -89 -87 -86 -87 -87 -84 -99 -103 -101 -103 -114 -118 -129 -130 -119 -127 -125 -109 -92 -85 -82 -80 -79 -79 -79 -79 -79 -76 -74 -73 -72 -72 -72 -71 -65 -65 -64 -62 -61
-1114 -1054 -990 -948 -910 -834 -787 -748 -674 -583 -526 -519 -557 -604 -528 -392 -334 -321 -328 -330 -287 -218 -162 -129 -121 -116 -117 -117 -113 -109 -108 -108 -108 -102 -100 -100 -99 -99 -99 -98 -96 -94 -93 -92 -92 -92 -91 -91 -90 -90 -90 -90 -89 -94 -101 -107 -120 -115 -110 -133 -145 -146 -151 -135 -120 -126 -121 -104 -89 -85 -83 -81 -81 -80 -80 -80 -80 -78 -76 -76 -75 -75 -75 -74 -71 -69 -68 -67 -64
-1146 -1106 -1064 -1039 -1002 -928 -872 -785 -674 -599 -556 -567 -614 -607 -514 -402 -340 -328 -334 -336 -295 -228 -172 -138 -126 -120 -119 -118 -115 -110 -108 -108 -108 -105 -101 -101 -100 -100 -100 -100 -100 -100 -92 -92 -92 -92 -91 -91 -90 -94 -94 -90 -91 -95 -103 -128 -239 -353 -396 -278 -160 -160 -158 -137 -121 -121 -113 -99 -87 -84 -83 -82 -81 -81 -80 -80 -81 -83 -83 -86 -84 -81 -80 -77 -74 -71 -70 -68 -66
-1072 -1036 -1012 -993 -976 -941 -904 -821 -719 -645 -605 -626 -645 -583 -488 -408 -353 -339 -345 -349 -317 -250 -192 -153 -131 -126 -123 -121 -120 -116 -111 -109 -109 -110 -102 -102 -101 -100 -100 -100 -100 -99 -97 -101 -100 -98 -92 -91 -90 -107 -107 -91 -99 -104 -121 -154 -246 -359 -396 -414 -433 -378 -339 -313 -123 -109 -98 -90 -86 -85 -83 -83 -82 -82 -82 -82 -82 -83 -84 -85 -86 -85 -83 -80 -74 -71 -70 -71 -72
-990 -930 -892 -867 -864 -872 -885 -866 -805 -721 -683 -681 -635 -550 -472 -411 -368 -355 -365 -375 -354 -275 -212 -174 -143 -143 -140 -133 -128 -122 -115 -111 -113 -114 -103 -102 -101 -103 -103 -101 -100 -98 -96 -95 -99 -98 -96 -94 -94 -125 -125 -94 -115 -122 -146 -172 -258 -373 -403 -433 -448 -384 -301 -179 -109 -94 -90 -87 -86 -86 -87 -88 -88 -86 -83 -82 -83 -83 -85 -87 -109 -135 -107 -84 -75 -73 -72 -73 -73
-928 -865 -808 -776 -765 -764 -784 -810 -813 -771 -741 -685 -587 -512 -451 -403 -383 -383 -399 -405 -376 -311 -221 -190 -176 -180 -170 -150 -138 -128 -120 -118 -119 -119 -115 -112 -129 -121 -108 -103 -101 -99 -98 -101 -106 -106 -96 -96 -96 -95 -95 -97 -133 -132 -156 -169 -303 -387 -406 -446 -453 -359 -257 -168 -109 -101 -94 -88 -86 -93 -98 -100 -99 -92 -85 -83 -83 -84 -86 -100 -143 -167 -128 -94 -87 -81 -79 -78 -74
-812 -766 -728 -693 -677 -650 -635 -634 -643 -645 -622 -562 -499 -456 -418 -405 -418 -429 -447 -468 -462 -461 -488 -228 -231 -239 -225 -157 -150 -140 -124 -123 -122 -168 -228 -242 -170 -146 -115 -114 -110 -102 -100 -104 -107 -107 -98 -98 -102 -114 -137 -169 -218 -272 -161 -161 -379 -388 -397 -429 -393 -326 -258 -171 -112 -103 -99 -107 -119 -152 -180 -172 -160 -143 -112 -92 -88 -86 -98 -119 -177 -208 -169 -108 -104 -93 -89 -84 -76
-658 -657 -634 -612 -602 -576 -559 -544 -526 -504 -477 -454 -438 -429 -421 -436 -463 -471 -485 -526 -530 -502 -495 -410 -322 -282 -289 -215 -189 -170 -157 -148 -177 -199 -224 -239 -211 -570 -427 -255 -139 -117 -109 -108 -107 -107 -101 -120 -161 -216 -282 -339 -388 -423 -456 -483 -481 -456 -472 -563 -357 -343 -289 -165 -119 -113 -115 -136 -142 -198 -265 -244 -225 -220 -178 -140 -163 -154 -154 -181 -236 -306 -317 -215 -161 -152 -153 -163 -177
-644 -619 -596 -586 -575 -551 -536 -522 -506 -484 -461 -448 -438 -434 -439 -469 -501 -507 -536 -578 -558 -523 -508 -481 -384 -308 -328 -354 -231 -214 -197 -182 -177 -198 -234 -335 -520 -568 -591 -482 -299 -190 -146 -149 -162 -162 -129 -201 -292 -370 -436 -483 -498 -499 -524 -552 -532 -498 -543 -613 -548 -408 -276 -122 -122 -142 -154 -164 -179 -233 -278 -257 -240 -228 -215 -221 -287 -345 -307 -280 -335 -412 -426 -337 -282 -270 -269 -257 -311
-661 -580 -575 -571 -564 -548 -530 -510 -493 -477 -464 -457 -450 -448 -464 -510 -555 -568 -613 -640 -585 -556 -540 -485 -399 -342 -348 -358 -288 -276 -265 -255 -177 -239 -285 -404 -525 -568 -602 -583 -472 -306 -212 -190 -181 -198 -232 -348 -440 -487 -530 -575 -588 -575 -593 -612 -566 -551 -624 -637 -524 -397 -285 -192 -155 -178 -178 -180 -236 -278 -287 -265 -248 -242 -251 -278 -360 -397 -371 -361 -398 -440 -427 -410 -389 -395 -407 -391 -345
-658 -569 -566 -563 -559 -547 -530 -511 -494 -482 -471 -466 -462 -467 -496 -555 -622 -651 -689 -687 -624 -622 -612 -540 -455 -394 -384 -390 -351 -344 -339 -336 -334 -340 -364 -467 -569 -592 -600 -581 -508 -383 -275 -232 -218 -235 -287 -357 -550 -569 -586 -656 -693 -668 -669 -663 -627 -653 -697 -636 -513 -407 -322 -270 -254 -256 -268 -318 -296 -297 -289 -281 -282 -282 -290 -321 -412 -463 -432 -406 -434 -448 -418 -403 -388 -390 -396 -387 -368
-660 -567 -561 -557 -556 -549 -536 -517 -500 -489 -481 -478 -483 -495 -531 -600 -681 -721 -745 -725 -677 -702 -704 -628 -530 -457 -436 -445 -460 -410 -413 -419 -425 -373 -460 -555 -618 -620 -613 -594 -528 -422 -318 -256 -233 -263 -333 -449 -592 -585 -709 -790 -858 -833 -782 -725 -732 -574 -574 -576 -555 -541 -559 -565 -547 -532 -540 -566 -584 -530 -526 -311 -311 -433 -499 -500 -518 -519 -466 -434 -468 -459 -407 -390 -377 -364 -359 -356 -344
-665 -645 -560 -560 -562 -559 -549 -542 -520 -497 -491 -491 -504 -525 -570 -649 -734 -775 -793 -772 -727 -765 -781 -716 -617 -527 -485 -477 -487 -517 -562 -593 -620 -685 -645 -632 -650 -650 -648 -629 -569 -454 -359 -277 -238 -275 -380 -540 -628 -622 -918 -970 -995 -983 -927 -855 -860 -577 -577 -573 -549 -538 -556 -559 -541 -533 -546 -563 -576 -659 -723 -696 -677 -679 -684 -657 -613 -549 -471 -446 -479 -468 -409 -372 -342 -313 -296 -285 -263
-673 -654 -572 -572 -574 -573 -574 -582 -575 -531 -510 -515 -525 -563 -627 -711 -799 -839 -861 -851 -805 -841 -882 -836 -756 -675 -613 -579 -562 -559 -599 -631 -652 -735 -767 -752 -775 -818 -892 -813 -660 -535 -392 -330 -299 -330 -507 -702 -790 -857 -934 -1032 -984 -973 -985 -974 -955 -595 -595 -579 -545 -536 -553 -554 -536 -548 -610 -661 -668 -684 -695 -673 -661 -649 -625 -597 -584 -577 -542 -499 -505 -503 -442 -346 -265 -215 -186 -173 -152
-686 -668 -580 -580 -585 -588 -592 -602 -616 -624 -548 -546 -558 -595 -668 -762 -840 -874 -910 -931 -892 -916 -973 -945 -901 -868 -814 -760 -695 -654 -687 -726 -744 -832 -886 -884 -933 -990 -979 -857 -713 -657 -381 -368 -355 -389 -733 -888 -918 -941 -933 -967 -929 -920 -929 -935 -916 -605 -605 -589 -551 -540 -558 -562 -598 -649 -725 -758 -693 -620 -587 -567 -563 -542 -509 -498 -503 -535 -567 -553 -542 -539 -467 -328 -230 -190 -172 -158 -134
-702 -685 -669 -655 -592 -598 -601 -611 -629 -637 -567 -568 -580 -613 -693 -786 -853 -885 -934 -981 -955 -959 -1020 -1017 -998 -999 -962 -892 -800 -745 -760 -785 -810 -896 -961 -980 -1020 -1029 -962 -850 -768 -743 -663 -626 -571 -537 -935 -917 -921 -931 -928 -888 -872 -856 -823 -798 -775 -769 -793 -823 -874 -885 -798 -683 -704 -734 -760 -728 -619 -523 -489 -482 -485 -469 -444 -442 -454 -463 -478 -493 -502 -485 -412 -306 -234 -204 -193 -177 -160
-718 -702 -687 -673 -661 -609 -608 -621 -645 -668 -636 -603 -604 -638 -700 -780 -856 -884 -940 -1015 -1016 -1004 -1061 -1093 -1087 -1101 -1078 -995 -906 -856 -847 -859 -876 -950 -1032 -1075 -1095 -1046 -953 -873 -839 -865 -908 -711 -653 -604 -644 -892 -906 -923 -949 -1002 -1011 -795 -739 -706 -678 -660 -662 -687 -893 -889 -816 -716 -728 -771 -751 -665 -539 -443 -422 -435 -450 -437 -408 -399 -405 -396 -386 -381 -384 -374 -334 -270 -219 -201 -193 -169 -144
-737 -723 -710 -698 -686 -610 -609 -638 -660 -683 -687 -656 -638 -661 -697 -750 -855 -868 -916 -1007 -1062 -1065 -1103 -1147 -1152 -1160 -1148 -1088 -1024 -974 -952 -956 -968 -1019 -1099 -1148 -1141 -1057 -960 -912 -894 -900 -904 -766 -681 -618 -664 -892 -904 -935 -974 -1012 -1020 -819 -750 -708 -681 -670 -664 -653 -876 -880 -827 -763 -782 -795 -710 -584 -476 -410 -396 -421 -442 -431 -383 -358 -342 -327 -304 -288 -301 -297 -270 -231 -194 -179 -171 -141 -112
-760 -746 -735 -726 -717 -710 -679 -674 -672 -699 -730 -697 -662 -679 -709 -730 -800 -858 -900 -974 -1077 -1129 -1147 -1175 -1189 -1199 -1194 -1170 -1126 -1078 -1050 -1037 -1057 -1106 -1172 -1205 -1162 -1060 -982 -962 -953 -917 -855 -752 -704 -704 -733 -794 -917 -989 -1000 -1017 -974 -895 -862 -783 -714 -677 -663 -649 -734 -815 -831 -814 -801 -748 -628 -491 -383 -264 -112 -102 -100 -130 -230 -260 -251 -237 -211 -202 -223 -217 -197 -185 -158 -142 -138 -110 -79
-790 -778 -768 -761 -756 -755 -679 -696 -708 -738 -770 -748 -666 -708 -729 -745 -755 -771 -863 -963 -1053 -1124 -1173 -1213 -1234 -1247 -1246 -1233 -1214 -1195 -1171 -1155 -1173 -1220 -1264 -1252 -1189 -1113 -1057 -1000 -930 -849 -766 -716 -697 -697 -729 -807 -932 -1019 -1038 -1019 -943 -897 -874 -813 -755 -713 -689 -669 -639 -666 -724 -735 -678 -594 -509 -386 -270 -175 -123 -130 -137 -158 -177 -173 -169 -152 -127 -116 -122 -120 -116 -113 -102 -95 -94 -84 -73
-825 -814 -807 -805 -809 -816 -822 -714 -749 -777 -787 -789 -789 -757 -744 -754 -771 -779 -779 -998 -1020 -1048 -1124 -1212 -1265 -1291 -1291 -1280 -1281 -1280 -1277 -1284 -1302 -1333 -1338 -1282 -1205 -1127 -1041 -948 -849 -761 -688 -676 -690 -694 -750 -884 -989 -1022 -1050 -1043 -1004 -976 -971 -922 -860 -796 -752 -718 -631 -573 -577 -575 -545 -509 -444 -335 -237 -173 -162 -186 -191 -193 -169 -130 -118 -112 -99 -93 -97 -99 -94 -88 -83 -79 -77 -75 -73
-922 -855 -852 -856 -864 -872 -876 -876 -781 -793 -794 -790 -790 -769 -753 -764 -783 -794 -794 -848 -1008 -1015 -1066 -1160 -1252 -1305 -1318 -1321 -1329 -1330 -1341 -1361 -1376 -1394 -1368 -1277 -1181 -1103 -1028 -963 -887 -785 -708 -689 -686 -685 -713 -797 -905 -1011 -1112 -1155 -1137 -1098 -1061 -992 -907 -830 -783 -743 -642 -553 -522 -516 -517 -501 -420 -268 -205 -186 -188 -193 -191 -182 -142 -108 -107 -109 -98 -93 -96 -99 -95 -88 -83 -78 -77 -76 -74
-944 -983 -909 -912 -915 -915 -912 -902 -883 -803 -795 -791 -790 -780 -768 -778 -801 -812 -822 -848 -857 -1012 -1061 -1128 -1225 -1295 -1332 -1367 -1383 -1379 -1393 -1412 -1419 -1417 -1365 -1272 -1199 -1153 -1110 -1055 -977 -855 -770 -744 -722 -702 -665 -661 -673 -865 -998 -1214 -1219 -1189 -1117 -1021 -924 -836 -786 -749 -651 -558 -517 -498 -340 -195 -206 -200 -201 -202 -193 -174 -161 -145 -117 -105 -110 -114 -95 -93 -92 -91 -90 -88 -86 -85 -83 -82 -68
