models/Monterey_Bay_130x142_n37s36w-122e-122/materials/textures/gebco/gebco_2021_n37.07611083984375_s36.48284912109375_w-122.24212646484376_e-121.69830322265626.asc
ncols        130
nrows        142
xllcorner    -122.241666666667
yllcorner    36.483333333333
cellsize     0.004166666667
NODATA_value -32767
[rows 80 to 119 of 142, columns 0 to 88 of 130]
-963 -994 -1012 -955 -954 -949 -934 -911 -883 -853 -790 -790 -791 -791 -784 -796 -821 -833 -837 -847 -853 -1019 -1110 -1143 -1221 -1286 -1332 -1390 -1419 -1416 -1426 -1436 -1438 -1419 -1360 -1294 -1260 -1236 -1195 -1127 -1040 -918 -845 -808 -763 -730 -672 -660 -725 -867 -982 -1128 -1194 -1223 -1169 -1039 -919 -826 -773 -742 -657 -572 -471 -274 -200 -205 -211 -204 -203 -197 -189 -145 -126 -116 -106 -108 -113 -116 -95 -93 -92 -91 -89 -87 -85 -83 -83 -71 -69
-980 -1002 -1018 -1030 -1030 -967 -939 -909 -884 -858 -789 -790 -792 -794 -800 -812 -833 -842 -840 -845 -851 -1072 -1157 -1176 -1234 -1295 -1343 -1396 -1426 -1435 -1446 -1451 -1450 -1428 -1381 -1350 -1341 -1302 -1247 -1179 -1089 -987 -936 -866 -791 -750 -682 -663 -739 -855 -985 -1102 -1178 -1243 -1221 -1064 -907 -803 -746 -716 -642 -557 -428 -282 -216 -207 -203 -200 -198 -193 -187 -111 -111 -108 -107 -111 -115 -97 -95 -93 -92 -90 -88 -86 -84 -83 -83 -73 -70
-1010 -1016 -1029 -1038 -1035 -1029 -942 -914 -891 -867 -788 -791 -796 -801 -809 -817 -835 -839 -841 -849 -856 -1105 -1181 -1190 -1284 -1336 -1388 -1428 -1453 -1475 -1486 -1489 -1489 -1477 -1449 -1438 -1423 -1377 -1334 -1272 -1189 -1111 -1038 -932 -856 -816 -735 -696 -733 -815 -944 -1075 -1176 -1266 -1258 -1152 -1032 -865 -759 -721 -626 -524 -415 -305 -241 -195 -182 -190 -194 -109 -113 -109 -108 -107 -110 -115 -115 -96 -94 -93 -92 -90 -88 -86 -85 -84 -76 -75 -73
-1047 -1039 -1041 -1047 -1044 -1041 -950 -924 -903 -881 -861 -843 -801 -811 -818 -827 -832 -785 -850 -853 -857 -1133 -1190 -1247 -1343 -1393 -1447 -1491 -1515 -1534 -1547 -1549 -1554 -1551 -1536 -1505 -1473 -1443 -1406 -1359 -1300 -1199 -1093 -1009 -958 -937 -846 -769 -769 -799 -874 -987 -1115 -1265 -1315 -1272 -1169 -937 -790 -736 -613 -500 -412 -334 -302 -143 -117 -108 -107 -107 -112 -109 -106 -107 -115 -123 -97 -96 -94 -93 -91 -89 -87 -86 -85 -85 -77 -76 -74
-1068 -1057 -1048 -1047 -1046 -1041 -1033 -935 -916 -896 -902 -902 -845 -823 -828 -842 -858 -873 -862 -853 -855 -1146 -1201 -1264 -1328 -1427 -1477 -1525 -1562 -1586 -1594 -1593 -1599 -1607 -1599 -1556 -1511 -1478 -1441 -1400 -1344 -1251 -1162 -1104 -1071 -1045 -934 -835 -821 -830 -859 -956 -1119 -1285 -1375 -1338 -1195 -940 -782 -709 -572 -477 -423 -345 -314 -133 -114 -107 -106 -112 -110 -108 -106 -109 -116 -127 -97 -95 -94 -93 -91 -89 -87 -86 -86 -79 -77 -76 -73
-1088 -1078 -1057 -1045 -1044 -1038 -1029 -1021 -932 -914 -902 -911 -928 -834 -841 -856 -867 -870 -872 -877 -1104 -1152 -1197 -1255 -1319 -1396 -1563 -1584 -1618 -1636 -1640 -1640 -1648 -1660 -1653 -1611 -1568 -1528 -1481 -1434 -1374 -1306 -1252 -1204 -1177 -1128 -1016 -936 -919 -915 -908 -988 -1156 -1319 -1410 -1359 -1197 -951 -800 -710 -548 -464 -451 -187 -137 -119 -113 -109 -107 -111 -109 -108 -109 -114 -118 -98 -96 -95 -94 -92 -90 -89 -87 -87 -86 -78 -78 -76 -73
-1104 -1096 -1072 -1053 -1047 -1038 -1029 -1024 -956 -948 -907 -925 -943 -851 -856 -863 -868 -870 -874 -877 -1091 -1164 -1207 -1247 -1295 -1358 -1620 -1623 -1642 -1666 -1682 -1690 -1700 -1711 -1702 -1667 -1629 -1581 -1522 -1469 -1402 -1352 -1316 -1257 -1223 -1176 -1094 -1046 -1040 -1034 -1023 -1087 -1213 -1346 -1427 -1343 -1159 -937 -806 -741 -606 -462 -457 -183 -162 -141 -113 -110 -113 -110 -108 -111 -115 -117 -121 -97 -96 -95 -94 -92 -90 -89 -88 -87 -81 -79 -78 -76 -73
-1119 -1112 -1091 -1074 -1058 -1039 -1033 -1028 -987 -981 -924 -947 -977 -912 -876 -878 -880 -883 -881 -877 -1021 -1120 -1204 -1264 -1319 -1384 -1619 -1600 -1631 -1690 -1722 -1736 -1748 -1760 -1753 -1732 -1704 -1657 -1590 -1530 -1475 -1426 -1372 -1311 -1287 -1253 -1180 -1147 -1158 -1158 -1164 -1221 -1298 -1388 -1432 -1299 -1093 -890 -772 -748 -723 -332 -253 -171 -153 -124 -103 -124 -116 -109 -108 -114 -120 -120 -98 -97 -96 -95 -93 -91 -90 -89 -89 -84 -81 -79 -78 -76 -73
-1134 -1126 -1108 -1095 -1073 -1046 -1041 -1046 -1051 -1000 -953 -970 -1001 -972 -893 -898 -902 -905 -922 -957 -958 -1021 -1121 -1223 -1309 -1371 -1427 -1578 -1650 -1718 -1764 -1778 -1790 -1804 -1804 -1803 -1787 -1747 -1677 -1615 -1570 -1509 -1435 -1385 -1381 -1344 -1267 -1245 -1265 -1261 -1277 -1329 -1380 -1434 -1411 -1222 -1026 -829 -694 -708 -735 -263 -209 -145 -131 -110 -102 -113 -114 -109 -111 -117 -122 -122 -97 -97 -96 -94 -93 -91 -90 -89 -87 -83 -80 -80 -79 -76 -73
-1155 -1146 -1127 -1116 -1101 -1071 -1058 -1065 -1075 -1091 -996 -1004 -1026 -1039 -1006 -941 -923 -929 -947 -971 -985 -1013 -1034 -1117 -1200 -1265 -1341 -1461 -1694 -1795 -1839 -1850 -1854 -1858 -1854 -1845 -1828 -1806 -1773 -1739 -1696 -1643 -1583 -1533 -1524 -1483 -1420 -1403 -1411 -1415 -1434 -1459 -1465 -1413 -1287 -1091 -851 -608 -486 -486 -191 -173 -145 -113 -109 -103 -104 -107 -108 -111 -117 -120 -97 -97 -97 -96 -95 -94 -92 -91 -91 -87 -84 -82 -81 -80 -79 -77 -74
-1176 -1166 -1148 -1138 -1126 -1105 -1086 -1083 -1093 -1097 -1024 -1039 -1047 -1042 -1041 -991 -943 -950 -966 -997 -1013 -1015 -1019 -1062 -1121 -1193 -1281 -1634 -1677 -1817 -1881 -1897 -1893 -1882 -1859 -1825 -1777 -1740 -1740 -1748 -1743 -1731 -1709 -1671 -1651 -1628 -1594 -1572 -1561 -1555 -1537 -1497 -1418 -1247 -1078 -893 -616 -398 -322 -322 -135 -128 -121 -104 -103 -103 -107 -108 -109 -115 -121 -94 -92 -95 -97 -96 -94 -93 -92 -91 -91 -85 -83 -82 -81 -80 -79 -76 -73
-1190 -1180 -1164 -1155 -1146 -1131 -1118 -1108 -1116 -1124 -1105 -1058 -1055 -1049 -1045 -1021 -985 -975 -984 -1007 -1023 -1026 -1029 -1061 -1110 -1169 -1235 -1603 -1649 -1765 -1869 -1904 -1902 -1889 -1850 -1793 -1690 -1597 -1590 -1621 -1645 -1661 -1667 -1652 -1638 -1638 -1624 -1591 -1558 -1517 -1458 -1362 -1234 -1060 -890 -694 -453 -290 -232 -199 -134 -117 -114 -110 -102 -105 -107 -108 -111 -107 -93 -94 -93 -95 -97 -95 -94 -92 -92 -92 -85 -83 -82 -81 -80 -80 -80 -76 -66
-1204 -1196 -1184 -1176 -1170 -1164 -1157 -1148 -1149 -1157 -1160 -1156 -1053 -1047 -1048 -1051 -1023 -997 -1001 -1013 -1030 -1039 -1040 -1069 -1112 -1167 -1338 -1453 -1569 -1722 -1857 -1900 -1909 -1909 -1867 -1803 -1667 -1521 -1463 -1452 -1467 -1493 -1512 -1502 -1488 -1509 -1505 -1437 -1373 -1306 -1235 -1125 -990 -875 -704 -516 -344 -210 -166 -148 -128 -124 -113 -103 -113 -109 -107 -109 -107 -98 -93 -92 -96 -96 -95 -94 -93 -92 -92 -86 -84 -83 -82 -81 -80 -79 -78 -66 -66
-1219 -1214 -1207 -1202 -1199 -1199 -1196 -1191 -1184 -1172 -1162 -1158 -1100 -1046 -1051 -1057 -1045 -1033 -1029 -1028 -1037 -1043 -1058 -1090 -1134 -1327 -1336 -1384 -1491 -1671 -1836 -1885 -1912 -1935 -1901 -1841 -1713 -1556 -1445 -1369 -1324 -1308 -1310 -1298 -1286 -1309 -1297 -1183 -1088 -1026 -962 -874 -772 -687 -534 -391 -277 -172 -138 -130 -121 -121 -113 -106 -111 -109 -108 -107 -100 -94 -92 -91 -90 -90 -94 -93 -92 -92 -92 -85 -84 -83 -82 -81 -80 -79 -77 -66 -66
-1236 -1235 -1233 -1232 -1233 -1235 -1237 -1232 -1214 -1188 -1168 -1162 -1098 -1055 -1057 -1063 -1065 -1063 -1053 -1045 -1045 -1043 -1083 -1283 -1287 -1318 -1350 -1411 -1502 -1656 -1822 -1881 -1912 -1947 -1924 -1865 -1749 -1611 -1505 -1416 -1311 -1215 -1174 -1148 -1133 -1158 -1104 -939 -838 -796 -759 -707 -647 -567 -428 -318 -226 -149 -130 -124 -117 -116 -112 -109 -109 -107 -109 -108 -101 -96 -93 -90 -89 -89 -88 -92 -91 -91 -86 -85 -85 -83 -82 -81 -80 -78 -77 -66 -66
-1269 -1271 -1274 -1275 -1276 -1279 -1276 -1249 -1211 -1187 -1172 -1163 -1162 -1089 -1064 -1071 -1081 -1084 -1075 -1052 -1055 -1218 -1235 -1289 -1317 -1359 -1419 -1525 -1637 -1757 -1889 -1939 -1950 -1965 -1944 -1889 -1774 -1638 -1545 -1473 -1374 -1259 -1179 -1067 -1027 -1012 -935 -807 -708 -642 -601 -579 -576 -550 -400 -296 -210 -143 -129 -122 -117 -114 -110 -108 -107 -106 -106 -105 -103 -99 -96 -94 -94 -94 -97 -101 -102 -101 -98 -98 -98 -100 -81 -79 -76 -67 -67 -66 -66
-1306 -1309 -1310 -1310 -1311 -1310 -1292 -1254 -1220 -1200 -1180 -1162 -1162 -1133 -1068 -1085 -1100 -1108 -1108 -1094 -1102 -1205 -1229 -1305 -1395 -1474 -1538 -1626 -1740 -1861 -1973 -2010 -2007 -1994 -1938 -1885 -1839 -1762 -1689 -1616 -1520 -1396 -1268 -954 -954 -957 -929 -850 -767 -690 -621 -589 -582 -420 -336 -266 -196 -140 -119 -113 -117 -114 -110 -108 -106 -104 -103 -103 -101 -100 -98 -96 -94 -95 -95 -95 -95 -94 -94 -94 -93 -90 -84 -84 -84 -78 -75 -71 -65
-1331 -1329 -1329 -1329 -1331 -1325 -1303 -1271 -1244 -1221 -1197 -1176 -1167 -1167 -1121 -1104 -1113 -1122 -1130 -1161 -1177 -1186 -1220 -1320 -1437 -1539 -1621 -1706 -1812 -1923 -2014 -2041 -2020 -1981 -1886 -1797 -1786 -1788 -1777 -1739 -1665 -1614 -891 -916 -929 -923 -889 -823 -759 -693 -625 -601 -613 -366 -283 -214 -161 -127 -115 -122 -117 -112 -109 -109 -107 -103 -102 -101 -100 -100 -99 -96 -93 -93 -90 -87 -88 -90 -91 -89 -87 -85 -83 -81 -81 -81 -80 -75 -69
-1353 -1346 -1345 -1348 -1346 -1337 -1320 -1296 -1267 -1241 -1217 -1195 -1181 -1176 -1143 -1108 -1131 -1143 -1151 -1172 -1184 -1193 -1224 -1317 -1444 -1565 -1665 -1764 -1890 -2002 -2056 -2062 -2025 -1956 -1835 -1699 -1654 -1690 -1744 -1759 -1728 -1674 -891 -961 -996 -927 -817 -731 -659 -601 -557 -544 -381 -313 -240 -178 -141 -121 -113 -119 -116 -110 -108 -107 -105 -102 -101 -99 -97 -96 -96 -93 -91 -91 -86 -81 -80 -83 -92 -91 -88 -85 -82 -80 -77 -75 -74 -73 -71
-1372 -1360 -1358 -1359 -1355 -1350 -1344 -1322 -1290 -1261 -1235 -1214 -1197 -1188 -1194 -1204 -1189 -1181 -1195 -1216 -1220 -1225 -1248 -1322 -1432 -1561 -1677 -1790 -1935 -2047 -2077 -2068 -2030 -1958 -1822 -1662 -1590 -1622 -1698 -1754 -1757 -1447 -1335 -1131 -1085 -991 -849 -742 -649 -576 -538 -536 -365 -294 -217 -158 -131 -116 -116 -115 -112 -108 -106 -103 -101 -101 -100 -97 -95 -92 -90 -88 -87 -87 -85 -82 -79 -73 -80 -93 -89 -85 -82 -80 -73 -68 -67 -68 -68
-1391 -1373 -1366 -1364 -1365 -1370 -1372 -1351 -1316 -1284 -1256 -1234 -1215 -1199 -1198 -1206 -1218 -1229 -1258 -1292 -1287 -1273 -1287 -1351 -1443 -1567 -1694 -1817 -1965 -2067 -2077 -2055 -2015 -1948 -1826 -1675 -1599 -1612 -1663 -1602 -1626 -1434 -1339 -1196 -1149 -1075 -948 -811 -678 -588 -558 -568 -323 -260 -195 -148 -118 -115 -113 -111 -109 -107 -103 -101 -100 -101 -101 -98 -91 -84 -83 -83 -82 -82 -80 -79 -79 -74 -72 -81 -85 -87 -75 -74 -63 -63 -63 -63 -62
-1401 -1381 -1375 -1375 -1384 -1398 -1403 -1386 -1350 -1314 -1282 -1257 -1237 -1220 -1212 -1218 -1263 -1301 -1342 -1388 -1372 -1343 -1358 -1438 -1541 -1658 -1780 -1888 -2012 -2090 -2070 -2034 -1979 -1897 -1820 -1721 -1628 -1408 -1482 -1588 -1575 -1400 -1341 -1241 -1199 -1123 -980 -811 -652 -559 -544 -586 -259 -204 -159 -134 -116 -113 -109 -108 -108 -105 -100 -99 -100 -102 -102 -84 -72 -69 -70 -72 -72 -72 -72 -71 -71 -71 -74 -79 -82 -83 -82 -71 -62 -62 -62 -61 -58
-1406 -1394 -1391 -1392 -1400 -1411 -1419 -1418 -1398 -1367 -1332 -1302 -1281 -1267 -1264 -1288 -1376 -1441 -1473 -1516 -1504 -1520 -1602 -1697 -1779 -1857 -1951 -2039 -2107 -2118 -2063 -2020 -1967 -1864 -1823 -1788 -1413 -1349 -1423 -1548 -1378 -1349 -1282 -1199 -1164 -1093 -958 -803 -658 -569 -515 -328 -259 -190 -135 -128 -117 -110 -107 -106 -103 -100 -98 -99 -101 -75 -43 -48 -51 -55 -57 -58 -59 -60 -59 -56 -55 -56 -62 -69 -74 -77 -77 -73 -62 -60 -59 -59 -57
-1420 -1412 -1407 -1406 -1407 -1411 -1422 -1431 -1427 -1411 -1380 -1349 -1330 -1320 -1322 -1371 -1487 -1559 -1574 -1621 -1637 -1712 -1866 -1955 -1993 -2034 -2092 -2141 -2158 -2129 -2072 -2041 -2041 -1692 -1564 -1480 -1388 -1307 -1353 -1532 -1428 -1321 -1202 -1111 -1085 -1047 -960 -836 -718 -674 -432 -346 -268 -189 -132 -125 -114 -107 -105 -103 -100 -99 -86 -81 -74 -44 -43 -44 -47 -50 -51 -51 -53 -52 -49 -41 -41 -41 -47 -57 -67 -72 -72 -70 -63 -58 -58 -57 -55
-1439 -1430 -1421 -1417 -1418 -1423 -1434 -1442 -1440 -1428 -1404 -1375 -1356 -1345 -1349 -1399 -1528 -1613 -1627 -1684 -1717 -1803 -1955 -2024 -2066 -2115 -2148 -2160 -2154 -2125 -2084 -2051 -2051 -1700 -1571 -1469 -1382 -1290 -1289 -1528 -1473 -1351 -1196 -1068 -1029 -982 -895 -777 -671 -641 -397 -319 -245 -135 -129 -120 -111 -104 -102 -101 -100 -99 -77 -70 -46 -45 -43 -43 -46 -48 -49 -49 -13 -14 -16 -41 -39 -39 -43 -50 -61 -69 -69 -69 -63 -57 -57 -55 -53
-1468 -1458 -1442 -1431 -1430 -1434 -1444 -1454 -1455 -1447 -1432 -1406 -1383 -1374 -1381 -1429 -1562 -1655 -1681 -1766 -1825 -1919 -2056 -2111 -2150 -2178 -2170 -2151 -2136 -2121 -2101 -1802 -1714 -1647 -1561 -1442 -1327 -1227 -1199 -1512 -1486 -1397 -1226 -1067 -1015 -952 -856 -744 -640 -618 -391 -303 -156 -143 -130 -117 -108 -102 -101 -101 -101 -81 -70 -45 -45 -44 -43 -42 -43 -45 -46 -49 -3 4 8 7 -37 -39 -45 -48 -54 -63 -65 -65 -61 -56 -54 -52 -49
-1506 -1491 -1469 -1452 -1447 -1446 -1457 -1469 -1470 -1465 -1456 -1436 -1411 -1399 -1413 -1463 -1578 -1657 -1700 -1833 -1956 -2057 -2152 -2190 -2201 -2177 -2135 -2115 -2117 -2123 -1772 -1709 -1654 -1602 -1539 -1418 -1288 -1179 -1109 -1453 -1459 -1424 -1274 -1115 -1067 -1020 -946 -833 -730 -713 -438 -333 -163 -151 -130 -116 -107 -103 -103 -103 -85 -75 -48 -46 -44 -43 -43 -42 -42 -43 -43 -4 -2 11 26 23 11 3 -48 -46 -49 -55 -59 -59 -58 -54 -52 -49 -47
-1550 -1523 -1495 -1475 -1470 -1471 -1485 -1499 -1495 -1481 -1470 -1456 -1434 -1424 -1447 -1507 -1608 -1668 -1717 -1886 -2074 -2182 -2231 -2233 -2200 -2149 -2111 -2093 -2101 -1734 -1683 -1652 -1623 -1590 -1548 -1459 -1353 -1245 -1114 -1340 -1385 -1426 -1338 -1216 -1177 -1151 -1096 -978 -864 -838 -564 -330 -238 -168 -131 -114 -106 -103 -104 -104 -74 -54 -50 -46 -44 -42 -41 -41 -42 -42 -8 3 1 17 38 42 23 11 -46 -45 -48 -50 -52 -54 -53 -52 -50 -46 -41
-1581 -1543 -1521 -1511 -1513 -1525 -1545 -1562 -1559 -1531 -1500 -1479 -1468 -1485 -1533 -1595 -1689 -1747 -1825 -2016 -2190 -2261 -2264 -2228 -2180 -2139 -2121 -1916 -1821 -1724 -1663 -1629 -1600 -1573 -1547 -1255 -1254 -1239 -1213 -1175 -1221 -1300 -1338 -1316 -1289 -1253 -1184 -1066 -932 -829 -690 -410 -286 -180 -131 -113 -108 -103 -88 -57 -58 -55 -50 -45 -43 -41 -39 -38 -24 -16 -6 -1 8 25 39 51 38 26 15 6 -48 -48 -43 -43 -45 -45 -45 -39 -33
-1582 -1553 -1549 -1550 -1558 -1581 -1613 -1630 -1612 -1571 -1530 -1504 -1516 -1581 -1670 -1742 -1825 -1879 -1979 -2157 -2262 -2276 -2248 -2203 -2174 -2056 -2007 -1941 -1842 -1749 -1685 -1637 -1590 -1545 -1506 -1241 -1238 -1224 -1213 -1011 -1021 -1073 -1225 -1326 -1318 -1271 -1194 -1098 -957 -807 -645 -478 -312 -185 -132 -117 -112 -91 -80 -60 -56 -51 -48 -44 -41 -39 -38 -38 -14 -10 -6 2 9 25 41 52 49 44 40 35 20 7 -29 -31 -46 -47 -35 -33 -31
-1600 -1590 -1594 -1593 -1599 -1627 -1667 -1663 -1613 -1566 -1531 -1517 -1549 -1636 -1755 -1858 -1957 -2014 -2098 -2228 -2284 -2275 -2238 -2194 -2167 -2166 -1997 -1931 -1843 -1769 -1700 -1631 -1577 -1523 -1468 -1228 -1225 -1203 -1152 -993 -931 -957 -1144 -1301 -1311 -1255 -1172 -1102 -959 -794 -639 -486 -337 -213 -147 -122 -77 -73 -69 -63 -55 -49 -46 -42 -39 -38 -17 -7 -1 5 5 7 14 27 48 61 64 64 61 58 43 22 -20 -21 -38 -41 -29 -30 -31
-1646 -1654 -1653 -1647 -1660 -1695 -1714 -1671 -1602 -1557 -1530 -1535 -1582 -1680 -1822 -1949 -2059 -2116 -2183 -2274 -2301 -2284 -2236 -2185 -2163 -2166 -1971 -1899 -1803 -1732 -1690 -1639 -1586 -1535 -1483 -1199 -1203 -1182 -1126 -1042 -948 -939 -1117 -1281 -1300 -1237 -1136 -1066 -943 -808 -689 -560 -425 -294 -209 -148 -84 -74 -69 -63 -53 -47 -43 -39 -37 -36 -7 4 2 3 3 13 31 48 66 73 86 95 97 88 69 44 -11 -12 -17 -22 -22 -25 -30
-1708 -1731 -1734 -1733 -1746 -1765 -1739 -1664 -1595 -1553 -1538 -1569 -1637 -1750 -1895 -2035 -2156 -2209 -2253 -2309 -2317 -2283 -2211 -2138 -2127 -2166 -1911 -1852 -1757 -1664 -1625 -1604 -1568 -1527 -1478 -1181 -1181 -1174 -1138 -1080 -995 -963 -1111 -1262 -1288 -1232 -1116 -1013 -883 -772 -699 -597 -455 -313 -230 -152 -93 -75 -70 -64 -53 -44 -39 -37 -36 -36 4 4 8 12 14 23 40 60 80 92 111 129 136 114 86 53 -7 -7 -12 -17 -17 -17 -248
-1776 -1813 -1828 -1830 -1825 -1796 -1728 -1645 -1585 -1551 -1556 -1619 -1734 -1858 -1979 -2115 -2229 -2272 -2293 -2323 -2323 -2266 -2162 -2067 -1996 -1932 -1846 -1810 -1746 -1667 -1614 -1585 -1550 -1508 -1470 -1443 -1212 -1207 -1160 -1089 -1007 -956 -1064 -1211 -1252 -1229 -1148 -1012 -826 -676 -611 -535 -401 -263 -180 -132 -98 -76 -70 -64 -54 -44 -38 -38 -37 -6 6 6 17 30 38 38 49 64 89 119 137 164 151 114 83 52 -9 -8 -11 -16 -17 -17 6
-1900 -1927 -1919 -1901 -1867 -1796 -1712 -1636 -1592 -1582 -1615 -1720 -1878 -2003 -2088 -2192 -2277 -2303 -2316 -2337 -2329 -2260 -2160 -2065 -1993 -1962 -1954 -1858 -1823 -1781 -1736 -1687 -1638 -1587 -1549 -1497 -1391 -1327 -1218 -1084 -970 -884 -904 -1007 -1063 -1123 -1183 -1081 -860 -681 -576 -499 -408 -272 -166 -131 -108 -80 -72 -66 -56 -51 -48 -44 -39 -10 6 4 20 37 52 57 58 66 87 118 152 204 177 124 78 47 -10 -10 -10 2 3 8 12
-2038 -2012 -1945 -1899 -1854 -1779 -1722 -1659 -1624 -1643 -1703 -1838 -2001 -2121 -2197 -2258 -2312 -2329 -2339 -2351 -2306 -2209 -2142 -2093 -2037 -1985 -1958 -1883 -1851 -1805 -1745 -1688 -1648 -1610 -1574 -1503 -1455 -1370 -1241 -1083 -935 -814 -756 -779 -820 -930 -1117 -1131 -924 -721 -610 -523 -441 -291 -184 -181 -155 -106 -88 -76 -61 -59 -58 -55 -11 -3 2 7 18 35 61 78 80 88 103 132 168 200 167 121 75 48 28 20 14 11 9 17 23
-2096 -2033 -1942 -1891 -1854 -1777 -1727 -1668 -1712 -1757 -1792 -1908 -2059 -2179 -2260 -2306 -2336 -2350 -2357 -2351 -2269 -2146 -2078 -2038 -1974 -1911 -1887 -1783 -1749 -1704 -1636 -1578 -1539 -1519 -1496 -1475 -1425 -1338 -1220 -1076 -924 -791 -716 -716 -742 -873 -1079 -1125 -961 -739 -599 -532 -478 -296 -220 -241 -215 -156 -130 -106 -74 -65 -61 -55 44 47 0 17 30 43 64 88 118 122 132 162 205 212 165 120 82 60 50 43 31 26 23 26 32
-2109 -2054 -1975 -1923 -1890 -1836 -1814 -1789 -1877 -1883 -1913 -1997 -2117 -2223 -2297 -2336 -2358 -2370 -2370 -2339 -2242 -2132 -2057 -1988 -1896 -1812 -1748 -1681 -1625 -1603 -1556 -1508 -1461 -1424 -1392 -1387 -1347 -1272 -1162 -1030 -893 -774 -713 -726 -760 -894 -1072 -1083 -968 -794 -607 -513 -514 -440 -261 -270 -246 -190 -168 -135 -88 -71 -65 65 101 94 10 35 56 65 72 97 128 153 163 193 229 219 178 134 95 72 62 57 53 47 47 50 45
-2143 -2113 -2031 -1968 -1930 -1904 -1952 -2022 -1944 -1985 -2056 -2133 -2216 -2281 -2327 -2358 -2378 -2384 -2360 -2297 -2202 -2109 -2041 -1961 -1849 -1742 -1668 -1638 -1484 -1466 -1441 -1412 -1369 -1231 -1216 -1236 -1223 -1161 -1066 -961 -862 -779 -737 -769 -817 -920 -1049 -1026 -932 -828 -642 -496 -492 -520 -369 -286 -231 -166 -147 -124 -91 -82 36 3 11 11 28 54 70 81 93 108 125 148 180 208 214 214 190 172 136 114 95 78 72 62 64 66 57
-2226 -2200 -2096 -2026 -1995 -1987 -2040 -2138 -2187 -2152 -2197 -2263 -2310 -2342 -2367 -2385 -2378 -2365 -2304 -2198 -2101 -2009 -1941 -1861 -1752 -1652 -1580 -1549 -1383 -1352 -1332 -1312 -1253 -1233 -1205 -1165 -1120 -1072 -1002 -930 -865 -812 -784 -790 -809 -890 -1013 -994 -878 -804 -683 -544 -522 -525 -430 -313 -214 -128 -110 -101 -93 -94 37 0 15 33 35 36 50 62 86 101 112 134 169 190 182 173 181 183 186 186 135 103 111 119 102 97 78
