models/Monterey_Bay_130x142_n37s36w-122e-122/materials/textures/gebco/gebco_2021_n37.07611083984375_s36.48284912109375_w-122.24212646484376_e-121.69830322265626.asc
ncols        130
nrows        142
xllcorner    -122.241666666667
yllcorner    36.483333333333
cellsize     0.004166666667
NODATA_value -32767
[rows 0 to 39 of 142, columns 0 to 88 of 130]
103 75 91 123 105 188 279 273 222 268 347 401 455 463 413 421 411 468 483 455 436 479 555 593 596 609 620 615 607 576 492 410 392 384 333 259 199 130 114 173 186 209 188 141 115 146 223 259 250 227 206 235 205 206 177 222 233 220 242 255 276 291 244 209 213 258 285 300 256 180 214 254 239 244 307 241 221 310 391 402 385 447 484 535 588 607 547 564 657
155 143 76 60 108 153 168 181 211 278 355 392 431 460 396 385 403 458 451 442 491 524 565 593 572 562 591 607 612 590 521 439 392 350 329 294 228 163 112 146 216 215 191 142 116 134 193 247 223 212 201 201 205 215 183 217 208 205 219 240 298 298 232 197 233 267 264 255 243 195 161 199 199 239 299 223 218 302 354 320 273 304 335 399 487 504 499 587 660
197 199 108 45 89 134 205 281 303 320 373 371 404 388 370 351 389 439 420 457 506 533 544 554 555 534 555 581 592 590 554 511 498 431 323 275 215 164 113 126 211 227 184 145 112 129 175 241 227 188 186 178 194 179 209 219 198 198 208 231 285 264 187 209 228 246 229 197 215 210 147 155 176 240 301 201 196 289 247 236 267 328 325 334 371 398 495 616 675
166 197 149 54 76 152 206 224 235 304 331 317 353 349 341 336 379 400 422 468 493 509 529 533 532 524 521 552 565 571 557 525 497 441 334 261 236 159 106 114 156 218 202 143 115 129 179 217 225 181 146 152 157 191 240 201 188 196 223 251 252 227 167 176 190 205 216 180 167 198 166 126 138 168 204 180 147 196 248 302 304 359 386 399 468 477 500 566 613
106 146 149 59 54 109 147 219 281 321 285 266 307 316 299 355 401 421 447 464 475 493 515 523 527 538 513 518 548 561 562 541 513 450 367 272 239 202 140 112 97 133 168 125 136 147 141 135 133 121 124 136 177 244 224 182 190 225 232 222 214 192 160 134 152 167 193 181 138 157 171 134 113 159 206 164 128 198 291 364 385 404 426 439 474 527 573 550 488
67 93 93 27 37 107 160 194 230 265 232 261 308 331 270 335 358 392 418 437 447 461 473 494 502 505 509 489 520 542 543 535 527 502 408 301 242 192 152 124 91 84 101 123 147 160 154 156 152 144 153 162 213 229 185 179 227 253 218 234 235 171 129 146 187 186 233 235 173 134 188 187 119 136 156 117 139 183 255 346 417 446 417 405 399 456 526 513 445
33 55 65 28 22 80 113 161 189 211 201 272 320 330 246 222 240 292 356 406 425 430 431 454 467 473 486 464 476 513 540 540 527 500 401 317 258 207 159 109 87 82 91 148 192 215 220 184 175 162 157 162 178 180 179 209 263 244 215 256 264 179 144 197 210 228 253 220 192 144 197 180 110 107 108 150 243 256 276 349 368 348 313 312 399 472 487 454 394
3 22 17 7 17 56 94 153 146 171 203 229 273 296 302 228 153 191 249 334 392 409 414 432 440 447 449 439 490 520 519 514 516 489 420 352 277 210 160 119 93 81 85 141 221 236 231 194 191 176 160 157 171 180 199 257 296 245 197 225 219 145 156 182 177 219 251 202 186 142 158 155 91 97 145 221 300 344 342 338 308 252 276 363 426 471 451 397 327
-12 -2 3 15 38 58 67 95 136 184 164 197 223 255 236 144 159 243 288 317 361 389 401 406 408 431 433 443 489 491 475 449 460 399 347 285 247 204 160 146 123 107 94 117 182 219 223 204 199 211 198 185 174 172 208 246 277 261 196 206 204 127 146 146 170 207 226 186 160 157 127 111 85 144 220 241 265 315 311 275 233 210 286 345 348 396 385 322 273
-23 -13 -3 20 28 52 73 86 128 155 131 165 195 202 149 141 232 303 340 349 358 373 382 382 375 401 390 397 443 446 415 403 435 349 261 216 199 182 159 146 157 171 129 111 141 182 181 189 207 238 243 218 190 174 208 218 234 249 182 189 154 108 132 169 212 209 199 171 141 124 99 77 124 214 206 206 236 265 289 267 220 193 254 254 281 333 288 249 317
-28 -21 -14 13 21 30 43 62 87 103 131 170 198 151 115 183 230 255 262 284 315 292 329 378 373 352 349 327 387 383 352 390 402 346 277 242 241 238 223 203 202 196 166 143 124 152 178 204 208 239 248 219 183 179 211 190 184 230 167 162 125 93 116 167 212 194 170 157 125 112 69 75 179 249 200 202 250 275 281 249 208 166 172 177 200 224 221 284 337
-32 -30 -27 5 10 17 18 37 54 74 110 152 163 110 128 181 198 205 210 238 244 255 290 337 355 287 269 288 345 333 316 331 318 322 334 348 366 354 328 294 275 251 240 202 161 187 212 218 202 226 220 197 172 175 198 170 168 201 148 117 85 86 145 177 191 175 156 146 131 97 60 98 215 221 185 171 229 259 249 218 188 143 180 223 271 283 247 230 220
-35 -33 -29 -21 -11 2 11 23 36 64 82 93 98 72 134 174 184 176 185 185 194 181 207 267 311 303 240 259 304 307 285 299 274 269 287 318 350 367 371 353 341 315 274 171 151 151 176 207 196 192 207 172 151 162 171 152 151 156 116 77 81 141 170 158 171 182 147 122 121 87 55 117 197 182 155 177 227 219 236 198 153 144 184 208 240 234 240 198 179
-37 -35 -33 -24 -15 -5 3 17 22 35 62 71 57 54 115 159 133 137 150 165 170 158 198 225 255 290 262 226 273 291 266 260 244 248 263 275 297 339 355 351 354 337 238 124 133 91 99 162 180 174 169 150 136 144 151 128 144 121 86 74 118 138 145 149 165 160 136 110 115 72 51 127 176 146 142 193 201 231 230 191 134 148 205 247 220 183 227 195 177
-43 -39 -35 -29 -23 -16 -10 -4 13 18 34 48 34 71 110 119 128 164 132 155 145 162 169 205 207 237 253 220 260 272 246 249 290 285 293 289 291 311 335 339 340 339 276 170 109 83 102 92 142 149 154 167 137 125 124 113 133 94 73 113 141 116 138 136 149 140 109 104 92 48 49 143 163 120 150 170 209 225 192 185 133 151 214 239 194 177 212 193 169
-46 -43 -39 -34 -29 -24 -20 -14 -4 5 11 17 27 61 76 77 96 135 107 124 157 122 156 188 182 211 228 204 243 238 229 270 310 295 288 302 307 309 317 319 317 320 321 300 237 169 110 56 102 135 142 174 150 102 115 102 116 79 87 113 107 99 106 103 104 100 95 105 70 36 68 156 136 106 149 177 203 213 191 153 121 142 201 237 194 148 181 185 153
-49 -47 -45 -39 -35 -31 -27 -27 -23 -14 -6 1 18 28 55 59 66 86 127 152 127 91 120 146 183 195 180 187 215 205 222 250 261 265 254 267 295 300 301 301 290 291 299 302 291 251 167 107 65 111 125 134 137 93 106 95 109 74 96 94 84 82 87 102 94 82 101 87 55 34 63 111 100 121 168 161 169 194 194 146 104 143 200 218 196 137 153 173 143
-50 -50 -50 -47 -42 -38 -34 -32 -30 -26 -22 -17 -10 14 18 30 58 82 109 96 85 118 130 119 139 150 167 197 197 181 219 226 222 227 234 258 272 272 270 273 268 263 267 269 260 246 176 122 80 61 98 102 100 75 75 68 73 55 87 85 68 67 88 99 91 82 100 78 39 25 52 69 94 118 125 129 134 156 161 130 98 143 163 184 154 109 145 173 141
-54 -52 -51 -49 -46 -42 -38 -34 -31 -29 -27 -25 -22 -9 6 17 36 49 53 81 125 117 75 87 134 174 191 192 167 184 194 187 177 189 220 238 244 242 240 243 238 230 238 239 230 221 161 97 72 33 51 85 80 64 58 54 73 86 94 80 54 68 87 88 84 75 83 56 30 26 67 101 107 106 108 114 111 122 129 113 100 153 137 157 147 91 139 151 150
-56 -53 -51 -50 -48 -45 -41 -36 -31 -30 -28 -26 -22 -18 -13 -3 6 15 42 66 83 72 46 85 145 176 177 145 146 180 178 163 151 168 201 209 211 200 205 209 199 198 210 206 201 189 135 75 65 39 18 54 63 47 33 57 87 85 75 75 58 45 57 58 63 65 69 40 24 32 81 86 77 75 84 84 94 113 121 110 91 138 127 131 151 100 120 136 150
-59 -57 -57 -57 -57 -48 -44 -40 -37 -35 -33 -30 -27 -24 -21 -16 -3 5 18 28 45 42 49 88 130 146 132 126 159 170 160 151 158 171 178 183 184 172 180 177 169 171 176 174 166 164 143 101 53 24 13 24 33 23 18 31 36 34 32 31 30 32 37 39 42 42 45 34 18 31 55 50 47 49 54 59 73 87 106 106 70 88 101 130 155 108 104 132 107
-59 -57 -57 -57 -57 -55 -53 -52 -51 -41 -38 -33 -29 -26 -24 -20 -13 -4 4 6 9 14 46 63 76 88 102 131 139 130 150 168 165 164 172 164 161 155 167 162 151 145 139 137 138 135 126 97 49 18 11 10 12 11 18 27 27 27 26 22 25 30 33 36 36 35 36 26 15 31 36 36 39 41 45 46 49 55 65 80 63 65 84 100 109 90 89 92 73
-60 -58 -57 -58 -57 -54 -53 -52 -51 -50 -44 -38 -30 -28 -25 -24 -21 -17 -13 -7 1 15 18 24 30 54 87 101 103 103 133 141 133 133 146 146 138 124 139 135 127 122 119 122 122 114 108 90 77 53 21 8 7 10 21 25 24 24 21 20 26 27 30 31 29 31 30 28 16 21 27 32 37 38 46 44 41 45 49 53 50 47 55 56 60 61 59 65 86
-63 -59 -59 -58 -57 -54 -53 -53 -51 -50 -49 -48 -47 -40 -34 -33 -30 -28 -26 -23 -21 6 7 7 9 24 48 65 59 71 94 103 107 108 108 115 113 95 99 102 102 105 102 100 95 91 86 77 60 44 26 12 8 11 22 22 21 21 16 18 23 24 26 26 25 27 26 28 22 15 27 33 -1 -1 -2 20 29 40 43 41 36 28 34 39 47 49 58 74 90
-72 -68 -64 -63 -62 -56 -53 -53 -51 -49 -48 -47 -47 -46 -44 -43 -43 -33 -30 -28 -26 -20 -12 0 10 10 20 26 25 45 60 62 68 72 64 66 64 65 69 79 94 95 81 76 79 77 72 57 31 25 15 6 5 8 16 19 -3 -3 -3 -3 19 21 23 22 22 22 22 24 21 8 17 -2 -6 -7 -8 -7 -3 1 20 27 23 22 45 51 56 67 60 57 63
-74 -72 -70 -69 -67 -60 -54 -54 -52 -49 -48 -47 -46 -45 -44 -43 -43 -37 -33 -31 -28 -28 -25 -5 1 2 10 13 7 16 28 34 51 59 48 48 52 50 39 64 74 71 64 60 61 61 59 34 25 20 9 5 7 5 7 15 -3 -3 -3 -3 17 18 19 17 16 17 18 19 5 1 -2 -6 -9 -9 -9 -8 -9 -9 -4 0 9 21 44 45 51 63 84 89 82
-75 -73 -72 -71 -71 -68 -64 -60 -54 -49 -49 -48 -47 -46 -44 -44 -43 -41 -41 -40 -39 -38 -38 -17 -11 -8 -6 5 -1 8 13 15 28 44 35 27 28 30 33 49 51 52 54 45 56 48 36 23 21 17 7 7 -6 -6 -6 -7 -4 -4 12 14 15 16 12 11 14 14 15 13 0 -3 -6 -8 -11 -11 -11 -11 -11 -10 -8 -6 -3 1 26 37 38 46 60 82 91
-76 -75 -74 -73 -74 -74 -72 -70 -64 -63 -61 -48 -48 -47 -45 -45 -43 -42 -41 -40 -38 -38 -38 -36 -36 -36 -18 -18 -16 -6 5 8 15 19 21 20 15 15 12 18 21 24 24 24 25 21 18 16 16 17 14 -7 -6 -7 -8 -8 -7 -7 -8 7 9 7 8 12 12 12 11 -3 -5 -8 -9 -11 -12 -12 -12 -11 -11 -11 -10 -9 -8 -7 -7 25 28 34 45 57 81
-76 -76 -75 -75 -75 -75 -73 -72 -74 -68 -67 -62 -56 -57 -46 -46 -44 -43 -42 -40 -38 -39 -38 -36 -36 -36 -36 -37 -32 -32 -32 -4 6 7 9 10 9 11 5 5 12 13 14 14 16 16 14 14 12 13 14 -7 -7 -9 -9 -8 -7 -11 -11 -12 -11 -9 7 8 9 -2 -3 -8 -11 -12 -13 -13 -13 -14 -13 -12 -12 -12 -11 -11 -10 -10 -10 -12 -6 25 37 40 53
-77 -77 -77 -76 -76 -76 -76 -75 -75 -76 -71 -69 -68 -64 -60 -59 -45 -45 -45 -54 -40 -40 -39 -36 -36 -36 -36 -37 -34 -32 -32 -33 -33 -27 -27 -27 -4 4 4 3 8 8 8 9 11 12 11 10 6 7 7 -11 -10 -10 -11 -9 -7 -15 -14 -13 -12 -12 -13 -13 -12 -13 -16 -17 -17 -17 -17 -17 -18 -18 -18 -17 -16 -15 -14 -13 -13 -12 -11 -14 -11 -1 27 32 40
-88 -78 -78 -78 -78 -77 -78 -77 -76 -76 -75 -74 -70 -67 -65 -63 -62 -61 -59 -58 -42 -41 -41 -38 -38 -36 -37 -38 -35 -32 -32 -33 -32 -28 -27 -27 -20 -18 -17 -16 -24 -24 -15 -16 -13 5 -11 -12 -16 -16 -14 -14 -13 -12 -11 -11 -17 -17 -16 -15 -14 -15 -16 -17 -17 -18 -20 -21 -20 -20 -19 -19 -19 -19 -19 -18 -18 -17 -16 -15 -14 -14 -14 -16 -13 -7 0 27 35
-89 -79 -78 -78 -78 -78 -78 -78 -77 -76 -75 -74 -71 -70 -69 -67 -66 -64 -63 -60 -57 -56 -55 -40 -40 -36 -38 -39 -36 -32 -32 -33 -32 -28 -27 -28 -31 -30 -30 -28 -23 -23 -24 -24 -21 -20 -19 -18 -16 -16 -18 -14 -14 -13 -13 -14 -19 -18 -17 -16 -16 -17 -18 -20 -21 -21 -22 -23 -22 -21 -21 -20 -20 -20 -20 -19 -19 -18 -18 -17 -16 -14 -13 -14 -12 -12 -12 -2 23
-90 -89 -79 -79 -79 -79 -79 -79 -78 -78 -77 -77 -74 -73 -72 -70 -69 -67 -65 -63 -61 -60 -59 -59 -57 -55 -39 -39 -39 -32 -33 -34 -32 -29 -29 -29 -29 -28 -27 -26 -23 -22 -20 -19 -19 -18 -17 -20 -20 -17 -16 -15 -15 -15 -15 -16 -21 -21 -20 -19 -19 -20 -21 -22 -23 -24 -24 -25 -24 -23 -22 -22 -21 -21 -20 -20 -19 -19 -18 -18 -17 -16 -15 -15 -14 -13 -11 -6 0
-90 -89 -88 -88 -88 -81 -81 -80 -80 -79 -79 -80 -81 -80 -78 -73 -71 -69 -67 -65 -64 -64 -63 -62 -59 -57 -55 -55 -53 -52 -50 -49 -48 -30 -30 -30 -29 -29 -28 -27 -25 -23 -22 -22 -22 -22 -22 -21 -20 -17 -16 -15 -16 -17 -17 -23 -24 -23 -23 -23 -22 -23 -23 -24 -24 -25 -25 -26 -25 -24 -24 -23 -22 -22 -21 -20 -20 -19 -19 -18 -18 -17 -16 -16 -15 -14 -12 -10 -6
-90 -89 -89 -89 -89 -81 -81 -80 -81 -81 -80 -81 -82 -80 -78 -76 -74 -71 -69 -68 -68 -67 -67 -64 -60 -59 -57 -57 -56 -54 -52 -51 -51 -30 -30 -30 -29 -29 -28 -27 -25 -23 -22 -25 -27 -28 -28 -26 -22 -18 -17 -16 -16 -17 -17 -25 -26 -26 -26 -26 -25 -25 -25 -25 -25 -26 -26 -26 -25 -25 -25 -24 -23 -23 -22 -20 -20 -20 -20 -20 -19 -18 -17 -16 -15 -14 -13 -13 -12
-103 -89 -89 -89 -89 -89 -89 -89 -82 -81 -81 -81 -82 -81 -80 -78 -77 -76 -76 -73 -70 -69 -68 -67 -67 -66 -66 -62 -57 -55 -54 -54 -53 -51 -49 -48 -48 -47 -47 -45 -44 -39 -34 -35 -35 -34 -33 -30 -27 -19 -19 -28 -28 -28 -27 -28 -28 -28 -28 -28 -27 -27 -28 -27 -27 -26 -26 -26 -26 -26 -26 -26 -25 -24 -23 -23 -22 -21 -21 -21 -21 -20 -19 -17 -16 -16 -16 -15 -12
-102 -99 -98 -89 -89 -89 -90 -91 -82 -82 -82 -82 -82 -83 -83 -82 -80 -79 -77 -76 -74 -73 -71 -69 -68 -68 -67 -65 -63 -60 -58 -56 -54 -52 -50 -49 -49 -49 -48 -47 -46 -44 -41 -39 -38 -37 -34 -31 -30 -19 -19 -33 -32 -31 -31 -31 -30 -30 -30 -29 -29 -29 -29 -28 -28 -27 -27 -27 -27 -27 -27 -27 -26 -25 -25 -24 -23 -23 -22 -21 -21 -20 -20 -19 -18 -17 -17 -16 -15
-105 -100 -98 -98 -90 -90 -91 -91 -91 -82 -83 -83 -83 -84 -84 -83 -83 -80 -78 -78 -78 -77 -75 -72 -70 -69 -69 -68 -67 -65 -63 -60 -57 -53 -52 -51 -50 -50 -49 -49 -48 -45 -43 -41 -40 -38 -35 -33 -32 -38 -39 -37 -36 -35 -34 -33 -33 -32 -32 -31 -30 -30 -30 -29 -29 -28 -28 -28 -28 -28 -28 -28 -27 -26 -26 -25 -24 -24 -23 -22 -21 -21 -21 -20 -19 -18 -17 -17 -16
-108 -107 -103 -100 -101 -101 -90 -90 -91 -91 -83 -84 -84 -85 -85 -85 -85 -84 -84 -81 -80 -79 -77 -75 -73 -71 -71 -70 -69 -67 -65 -63 -60 -58 -56 -55 -54 -56 -56 -53 -49 -47 -44 -42 -41 -40 -38 -33 -33 -40 -39 -38 -37 -36 -35 -34 -34 -33 -33 -32 -31 -31 -31 -30 -30 -29 -29 -28 -28 -28 -28 -28 -27 -27 -26 -26 -25 -24 -24 -23 -22 -22 -21 -20 -20 -19 -18 -17 -17
-113 -110 -104 -102 -101 -101 -102 -101 -100 -92 -93 -85 -85 -86 -86 -86 -86 -86 -86 -84 -83 -82 -80 -77 -74 -73 -72 -72 -71 -70 -68 -66 -64 -62 -60 -59 -61 -58 -57 -53 -50 -48 -46 -43 -41 -41 -41 -42 -42 -41 -40 -39 -38 -36 -35 -35 -34 -34 -33 -33 -33 -32 -31 -31 -31 -30 -29 -29 -29 -29 -28 -28 -28 -27 -27 -26 -25 -25 -24 -24 -23 -23 -22 -21 -20 -19 -19 -18 -17
