models/Buzzards_Bay_129x129_n42s41w-71e-71/materials/textures/gebco/gebco_2021_n41.7934_s41.255_w-71.0767_e-70.536.asc
ncols        129
nrows        129
xllcorner    -71.075000000000
yllcorner    41.254166666667
cellsize     0.004166666667
NODATA_value -32767
[rows 45 to 89 of 129, columns 0 to 95 of 129]
18 13 9 9 17 16 19 25 39 35 24 19 26 29 31 25 20 16 14 13 13 12 14 18 13 14 5 4 8 12 13 16 18 11 6 -4 -6 -6 2 3 3 -3 -3 -7 -8 -7 -6 -8 -7 -5 -5 1 1 2 -1 -2 0 2 2 -2 -2 -7 -7 -7 -8 -10 -9 -8 -8 -8 -10 -11 -11 -12 -12 -12 -13 -11 -11 -13 -13 -13 -13 -13 -12 -12 -12 -12 -12 -12 -12 -10 -11 -11 -12 -13
15 9 12 16 17 24 25 28 34 28 22 18 24 28 29 21 28 19 15 14 15 15 11 13 12 11 8 4 5 9 17 18 17 10 9 -4 -6 -6 -7 1 2 -3 -6 -7 -9 -7 -7 -8 -7 -5 1 3 1 -2 3 -1 -1 3 7 3 -2 -4 -6 -8 -9 -10 -10 -10 -10 -11 -11 -11 -12 -12 -12 -12 -12 -13 -12 -11 -11 -12 -14 -13 -12 -12 -12 -12 -12 -11 -11 -11 -12 -13 -13 -14
13 9 11 13 16 22 28 34 27 22 20 18 22 38 26 20 16 13 13 15 14 11 10 12 11 10 7 2 2 3 11 15 16 14 7 -5 -5 -5 -5 1 -2 1 -4 -8 -8 -9 -8 -7 -6 -4 -3 -5 2 2 -2 -1 -5 4 8 5 -1 -2 -5 -8 -9 -9 -10 -11 -11 -11 -12 -12 -11 -11 -11 -11 -11 -11 -11 -13 -12 -12 -12 -12 -12 -12 -12 -12 -12 -12 -12 -11 -12 -9 -13 -15
11 14 8 11 16 23 27 31 28 24 21 17 21 34 29 25 17 14 12 14 11 17 11 9 8 13 5 2 0 -6 7 5 13 13 7 -5 -6 -5 -5 -7 -5 -6 -7 -8 -9 -8 -8 -8 -5 -5 -4 -6 -5 -3 -3 -2 -2 1 5 5 3 -2 -5 -8 -8 -9 -11 -11 -11 -11 -12 -11 -12 -12 -12 -11 -11 -11 -11 -12 -12 -12 -12 -12 -13 -12 -13 -13 -12 -13 -13 -13 -12 -10 -13 -15
10 14 8 13 23 22 22 30 24 24 20 18 18 18 19 21 21 17 13 17 13 14 12 15 11 6 3 -1 -1 -1 -1 1 4 7 -5 -6 -5 -6 -6 -7 -8 -8 -8 -8 -8 -8 -9 -8 -6 -6 -4 -3 -5 -4 -4 -4 -3 -2 -2 4 1 -3 -5 -8 -10 -11 -12 -11 -11 -11 -12 -12 -12 -12 -12 -12 -11 -11 -12 -12 -12 -12 -13 -13 -13 -12 -12 -12 -12 -13 -14 -14 -14 -15 -14 -12
15 14 7 14 28 22 24 25 25 25 27 23 16 14 19 26 19 16 12 15 18 16 14 11 9 7 3 2 -7 2 -2 -9 2 4 -6 -6 -7 -7 -6 -6 -8 -9 -8 -8 -8 -9 -9 -9 -7 -5 -4 -3 -2 -5 -6 -6 -4 -2 -2 -2 -2 -3 -6 -9 -8 -11 -13 -12 -12 -13 -12 -12 -12 -12 -12 -12 -12 -12 -12 -12 -12 -13 -12 -13 -12 -12 -12 -13 -12 -14 -14 -14 -14 -13 -16 -16
12 12 22 19 24 17 20 21 22 25 23 17 18 21 26 17 14 15 10 11 18 22 11 11 14 6 3 2 1 2 -3 -4 -6 -6 -7 -7 -8 -6 -7 -6 -8 -8 -9 -9 -9 -9 -10 -9 -9 -4 -5 -4 -4 -5 -5 -5 -5 -4 -4 -5 -5 -5 -6 -7 -7 -7 -12 -13 -13 -13 -13 -13 -13 -13 -13 -12 -12 -13 -12 -13 -12 -13 -13 -12 -12 -12 -12 -12 -13 -13 -14 -15 -15 -14 -12 -12
10 10 13 22 20 16 16 18 24 26 30 22 17 16 16 15 10 9 7 14 15 13 13 17 13 7 2 2 5 6 5 -4 -5 -6 -7 -7 -7 -6 -7 -7 -7 -7 -7 -8 -5 -5 -10 -10 -10 -9 -8 -7 -6 -5 -7 -6 -5 -7 -8 -7 -7 -8 -6 -8 -8 -9 -11 -13 -14 -13 -14 -14 -13 -14 -13 -13 -13 -13 -13 -13 -13 -13 -13 -12 -12 -12 -12 -12 -14 -14 -14 -14 -15 -14 -14 -14
10 12 14 17 21 14 13 15 19 23 27 26 22 16 11 12 7 9 6 8 10 11 18 23 19 10 3 2 6 10 10 9 -5 -6 -7 -7 -7 -7 -6 -9 -8 -8 -7 -7 -6 -5 -10 -12 -11 -10 -9 -8 -6 -8 -8 -6 -5 -6 -6 -7 -7 -8 -7 -7 -11 -11 -12 -13 -14 -14 -14 -14 -14 -14 -14 -14 -14 -14 -14 -14 -14 -14 -13 -13 -12 -11 -11 -11 -14 -14 -14 -15 -15 -14 -15 -15
15 9 10 15 18 21 16 17 20 22 24 22 30 28 22 10 7 10 6 8 12 22 15 23 21 11 3 2 8 9 8 12 7 -6 -7 -7 -8 -8 -7 -8 -9 -9 -9 -8 -6 -9 -11 -11 -11 -11 -11 -10 -6 -9 -7 -8 -8 -8 -8 -11 -9 -9 -12 -11 -10 -13 -14 -14 -14 -14 -14 -15 -14 -15 -14 -14 -14 -13 -13 -13 -13 -13 -14 -13 -13 -14 -14 -14 -14 -15 -15 -15 -15 -15 -16 -15
12 9 12 8 9 21 24 16 22 29 23 19 20 22 22 13 11 4 5 8 19 22 16 20 16 4 4 3 3 9 7 5 4 -6 -7 -7 -8 -8 -7 -7 -10 -10 -10 -10 -6 -11 -11 -11 -11 -11 -12 -10 -7 -8 -10 -10 -10 -10 -11 -13 -10 -11 -12 -11 -13 -14 -14 -14 -14 -15 -15 -14 -15 -14 -14 -14 -15 -14 -13 -14 -14 -14 -14 -14 -14 -14 -14 -14 -15 -15 -15 -15 -15 -15 -15 -15
15 9 8 8 11 16 19 16 22 23 26 21 19 21 15 12 6 3 4 6 22 19 16 18 14 6 2 4 4 9 7 7 3 -6 -7 -7 -7 -8 -9 -9 -10 -11 -11 -11 -9 -11 -11 -12 -12 -12 -10 -11 -9 -10 -9 -11 -11 -11 -13 -13 -11 -8 -13 -14 -14 -14 -15 -15 -14 -15 -15 -15 -14 -14 -15 -14 -14 -14 -14 -14 -14 -14 -14 -14 -14 -14 -14 -14 -14 -15 -15 -15 -15 -16 -15 -15
21 14 8 8 8 13 14 20 18 18 25 21 19 19 18 14 7 2 6 4 10 16 15 17 10 3 2 2 5 8 4 3 2 -6 -6 -7 -7 -8 -9 -9 -11 -9 -10 -10 -11 -10 -12 -12 -13 -13 -11 -12 -13 -13 -12 -12 -12 -15 -14 -9 -9 -10 -14 -14 -15 -14 -16 -15 -15 -15 -15 -15 -14 -14 -14 -15 -14 -14 -14 -14 -14 -14 -14 -14 -14 -14 -14 -15 -15 -14 -15 -14 -15 -15 -14 -15
16 17 9 8 8 8 10 12 18 20 20 22 14 21 17 8 4 3 4 3 2 3 11 7 4 1 2 2 7 6 3 4 2 3 -6 -6 -7 -9 -10 -11 -13 -13 -14 -12 -12 -11 -13 -14 -13 -11 -8 -11 -13 -13 -12 -10 -10 -11 -12 -15 -13 -14 -15 -15 -15 -15 -16 -16 -16 -15 -15 -15 -12 -12 -12 -12 -14 -15 -14 -14 -14 -14 -15 -15 -15 -15 -15 -15 -15 -15 -15 -14 -14 -14 -13 -12
20 14 9 8 9 10 9 12 19 13 14 15 16 16 13 8 2 2 1 3 2 4 7 5 10 -16 3 7 11 8 2 3 -4 2 -3 -6 -7 -8 -12 -13 -14 -20 -9 -10 -11 -11 -14 -14 -14 -10 -10 -13 -14 -14 -12 -10 -10 -11 -11 -14 -14 -14 -15 -15 -15 -15 -16 -16 -16 -15 -13 -14 -12 -12 -12 -12 -12 -14 -14 -15 -15 -15 -15 -15 -15 -15 -15 -14 -14 -14 -15 -14 -13 -14 -12 -11
22 17 13 9 7 8 14 14 15 17 16 18 14 17 19 11 3 3 3 3 4 -3 3 6 3 6 5 8 9 13 4 7 -3 -5 7 -5 -7 -9 -12 -16 -15 -15 -11 -7 -10 -12 -14 -14 -14 -13 -12 -12 -15 -15 -14 -11 -10 -12 -12 -15 -15 -15 -15 -15 -16 -16 -16 -16 -16 -13 -12 -13 -13 -14 -12 -12 -15 -15 -15 -15 -15 -15 -15 -15 -15 -14 -14 -12 -15 -15 -15 -14 -13 -14 -12 -13
15 21 10 11 9 11 13 13 12 12 15 16 25 20 14 13 4 4 5 8 5 2 1 2 1 -7 2 4 5 4 4 -3 -5 -5 -5 -6 -8 -11 -15 -17 -11 -10 -10 -10 -12 -14 -14 -14 -14 -15 -13 -10 -15 -15 -15 -11 -13 -14 -15 -15 -14 -16 -16 -16 -16 -16 -16 -16 -13 -13 -13 -13 -13 -13 -15 -15 -15 -15 -15 -15 -15 -15 -15 -15 -15 -15 -14 -12 -11 -13 -15 -14 -12 -13 -14 -15
20 16 6 13 11 9 17 9 11 13 9 15 19 21 14 11 4 3 6 8 8 3 2 1 4 -1 2 3 2 -8 -2 -5 -7 -8 -8 -8 -9 -11 -13 -12 -17 -11 -10 -10 -12 -14 -14 -14 -14 -14 -15 -11 -15 -13 -15 -11 -15 -13 -15 -15 -16 -16 -16 -16 -16 -16 -16 -14 -13 -13 -13 -13 -15 -15 -15 -15 -15 -15 -16 -17 -18 -18 -19 -18 -16 -15 -14 -12 -11 -10 -11 -11 -11 3 -15 -16
17 12 4 2 1 3 5 12 14 10 9 9 19 15 11 6 4 3 7 10 7 2 -8 -1 -2 -4 -4 2 3 -3 -4 -6 -8 -9 -9 -12 -13 -14 -16 -10 -11 -13 -12 -13 -14 -14 -14 -14 -14 -14 -15 -15 -13 -13 -13 -15 -14 -13 -16 -15 -16 -17 -17 -16 -16 -16 -14 -14 -13 -13 -13 -15 -15 -15 -15 -15 -16 -16 -16 -15 -15 -15 -15 -14 -12 -13 -14 -12 -11 -10 -10 -10 -7 -7 1 1
14 8 2 2 3 4 6 12 11 12 14 8 9 6 3 3 2 -6 3 6 4 4 -2 -3 -4 -5 -6 2 4 -5 -6 -7 -9 -10 -12 -13 -13 -14 -16 -17 -13 -14 -14 -15 -14 -14 -14 -14 -15 -15 -15 -16 -13 -15 -14 -15 -16 -17 -17 -17 -16 -17 -17 -16 -16 -13 -13 -13 -13 -13 -13 -14 -15 -15 -15 -16 -16 -16 -16 -14 -14 -10 -12 -12 -13 -13 -13 -14 -14 -5 -5 -4 -7 -7 -8 -8
5 3 2 5 5 5 4 8 11 11 19 11 8 4 4 6 2 2 3 2 3 2 -3 -4 -5 -7 -7 -6 3 3 -6 -8 -11 -13 -14 -14 -10 -12 -15 -15 -17 -15 -14 -14 -15 -15 -15 -16 -15 -15 -16 -14 -17 -17 -17 -17 -17 -18 -18 -17 -17 -16 -16 -14 -13 -13 -13 -12 -12 -14 -14 -14 -15 -15 -15 -16 -15 -16 -15 -13 -13 -9 -12 -12 -13 -14 -12 1 2 -7 -5 -5 -5 -5 -5 -7
3 4 5 3 2 2 2 2 1 6 16 9 3 4 2 -13 -12 -17 -20 5 2 2 -4 -5 -6 -7 -6 -5 5 -6 -7 -9 -11 -14 -15 -12 -9 -9 -16 -16 -18 -15 -15 -15 -16 -15 -15 -16 -16 -16 -16 -14 -16 -17 -17 -18 -18 -17 -18 -17 -16 -15 -15 -14 -13 -13 -13 -13 -14 -14 -14 -14 -14 -14 -15 -15 -16 -16 -15 -16 -13 -11 -12 -13 -13 -2 1 1 -8 -6 -4 -1 1 1 2 -7
6 8 6 6 2 1 1 2 2 4 7 7 3 -6 2 -5 -7 -7 -6 -14 1 1 -3 -5 -7 -8 -8 -7 -7 -7 -8 -9 -11 -16 -16 -15 -10 -11 -18 -11 -12 -16 -16 -16 -16 -16 -16 -16 -16 -16 -16 -16 -17 -18 -18 -18 -17 -18 -17 -17 -14 -15 -14 -14 -13 -13 -13 -14 -14 -14 -14 -14 -14 -14 -15 -15 -15 -15 -15 1 -11 -10 -13 -16 1 2 7 6 2 4 3 8 6 8 -10 -10
-6 -5 2 3 3 1 3 4 1 2 2 2 1 -5 -6 -6 -7 -8 -7 -6 -5 -3 -2 -6 -9 -11 -10 -9 -9 -8 -8 -11 -12 -15 -16 -16 -13 -15 -16 -16 -13 -19 -17 -16 -16 -16 -16 -16 -17 -17 -16 -16 -18 -18 -17 -18 -18 -17 -17 -14 -14 -14 -13 -13 -16 -13 -13 -14 -14 -14 -14 -14 -14 -14 -15 -15 -15 -15 -15 -9 -11 -16 -9 2 8 14 10 9 -9 1 -8 -15 -15 -14 -14 -14
-9 -9 -8 -8 -7 2 2 2 3 1 1 -3 -5 -9 -8 -7 -8 -9 -10 -9 -9 -8 -8 -12 -12 -11 -11 -12 -11 -11 -10 -11 -13 -17 -16 -17 -16 -16 -16 -17 -16 -18 -17 -17 -16 -16 -17 -18 -14 -13 -18 -17 -18 -18 -18 -17 -17 -17 -14 -14 -14 -14 -16 -16 -16 -15 -14 -15 -15 -14 -14 -14 -14 -14 -15 -15 -16 -15 1 5 4 5 7 13 13 20 12 4 -11 -12 -16 -16 -17 -18 -18 -18
-10 -10 -10 -9 -8 -7 -6 2 3 -3 -4 -5 -7 -9 -10 -10 -10 -11 -11 -11 -10 -10 -11 -12 -12 -10 -10 -11 -11 -12 -11 -11 -14 -16 -18 -17 -17 -17 -17 -18 -17 -18 -17 -17 -18 -18 -18 -17 -14 -16 -18 -18 -18 -18 -17 -17 -17 -14 -17 -14 -17 -17 -16 -16 -16 -15 -14 -14 -15 -14 -14 -14 -15 -15 -16 -16 -14 4 7 8 27 21 27 24 25 16 6 2 -2 -20 -20 -20 -21 -23 -23 -23
-9 -11 -11 -11 -10 -8 -6 -5 4 -4 -4 -6 -8 -10 -11 -12 -13 -13 -14 -12 -13 -13 -15 -18 -12 -7 -8 -10 -9 -12 -13 -15 -13 -18 -21 -19 -17 -19 -20 -20 -21 -21 -21 -20 -19 -18 -18 -19 -18 -18 -18 -18 -18 -16 -17 -13 -13 -13 -17 -17 -17 -17 -16 -15 -15 -14 -14 -14 -14 -15 -15 -15 -16 -14 -14 -13 -9 9 18 28 35 35 27 30 25 11 -27 -26 -25 -25 -24 -23 -23 -23 -23 -21
-11 -12 -12 -12 -11 -10 -6 -5 2 -4 -4 -5 -8 -10 -13 -14 -14 -13 -14 -14 -13 -16 -16 -13 -9 -11 -11 -9 -9 -13 -14 -16 -15 -19 -18 -21 -18 -23 -26 -26 -26 -23 -22 -21 -20 -19 -19 -18 -18 -17 -17 -17 -17 -17 -17 -17 -15 -16 -17 -17 -17 -16 -16 -15 -14 -14 -14 -14 -15 -15 -15 -15 -14 -12 -10 2 2 10 21 32 32 21 16 10 -25 -25 -27 -24 -21 -21 -19 -20 -20 -20 -20 -20
-13 -13 -13 -12 -11 -10 -10 -4 -11 -3 -3 -5 -7 -10 -14 -14 -15 -14 -14 -15 -16 -11 -14 -10 -15 -11 -11 -10 -9 -15 -15 -16 -15 -22 -23 -26 -24 -27 -25 -23 -20 -19 -20 -20 -19 -19 -18 -17 -17 -17 -17 -17 -16 -17 -17 -17 -16 -16 -17 -17 -16 -16 -15 -15 -14 -14 -14 -15 -15 -15 -15 -16 -7 2 3 4 7 19 21 20 13 7 -21 -21 -25 -25 -21 -19 -18 -18 -19 -20 -20 -21 -21 -22
-14 -14 -13 -13 -12 -9 -6 -3 -4 -4 -3 -4 -6 -12 -15 -15 -15 -15 -15 -15 -12 -11 -14 -11 -11 -11 -12 -15 -15 -17 -19 -18 -19 -26 -29 -24 -21 -22 -18 -18 -18 -20 -20 -17 -18 -18 -18 -17 -17 -17 -16 -16 -15 -16 -16 -17 -17 -17 -17 -16 -15 -15 -14 -14 -14 -14 -14 -15 -15 -13 -12 -12 2 3 5 4 2 8 9 6 -3 -2 -21 -21 -21 -20 -18 -18 -19 -19 -19 -20 -21 -21 -21 -20
-15 -15 -14 -13 -13 -12 -8 -7 -8 -8 -8 -5 -6 -15 -16 -16 -16 -16 -14 -16 -17 -17 -16 -15 -16 -19 -19 -22 -22 -26 -29 -28 -25 -18 -17 -20 -22 -24 -17 -14 -14 -17 -19 -19 -20 -19 -19 -18 -17 -17 -16 -17 -17 -16 -17 -18 -17 -17 -16 -15 -15 -14 -14 -14 -14 -14 -15 -8 -10 5 3 5 7 9 8 3 -2 -7 -13 -22 -22 -20 -20 -20 -20 -19 -19 -19 -20 -20 -21 -21 -18 -16 -16 -18
-14 -12 -14 -14 -14 -13 -10 -9 -9 -9 -7 -7 -8 -13 -16 -16 -10 -14 -17 -18 -18 -18 -18 -18 -19 -20 -20 -24 -28 -30 -31 -30 -24 -18 -17 -21 -18 -21 -19 -16 -14 -17 -16 -18 -19 -20 -19 -18 -18 -17 -17 -17 -18 -17 -17 -16 -17 -16 -16 -14 -14 -13 -13 -13 -13 -14 -9 -7 5 21 17 15 13 12 6 -11 -12 -20 -23 -23 -22 -20 -19 -19 -19 -18 -18 -20 -20 -20 -20 -16 -14 -12 -12 -14
-15 -15 -13 -14 -15 -14 -12 -10 -10 -8 -7 -6 -7 -14 -16 -16 -17 -18 -18 -18 -19 -19 -19 -19 -19 -21 -22 -31 -33 -31 -29 -25 -23 -20 -25 -25 -27 -23 -24 -23 -22 -19 -18 -19 -18 -18 -18 -17 -17 -18 -19 -18 -18 -18 -18 -21 -19 -16 -15 -14 -13 -13 -13 -13 -14 -8 -4 2 4 19 19 19 11 9 10 -20 -20 -22 -25 -25 -21 -20 -19 -19 -19 -18 -19 -19 -17 -17 -15 -12 -12 -8 -8 -12
-16 -14 -14 -14 -14 -15 -15 -13 -12 -10 -9 -17 -12 -18 -20 -18 -21 -22 -22 -22 -21 -22 -23 -27 -30 -29 -26 -27 -29 -27 -21 -18 -17 -13 -28 -34 -20 -25 -20 -20 -17 -21 -17 -20 -19 -18 -17 -17 -16 -17 -12 -16 -17 -18 -38 -26 -17 -15 -15 -14 -13 -13 -11 -10 -9 -4 3 5 11 27 32 31 18 -11 -11 -15 -22 -26 -26 -26 -21 -20 -20 -18 -18 -18 -17 -16 -14 -14 -10 -11 -12 -16 -16 -25
-16 -15 -14 -12 -12 -15 -15 -15 -16 -12 -11 -10 -17 -19 -22 -20 -18 -19 -22 -24 -25 -29 -26 -25 -25 -22 -22 -25 -20 -18 -19 -22 -21 -27 -16 -19 -12 -14 -25 -29 -15 -16 -19 -18 -17 -16 -15 -15 -15 -16 -18 -16 -11 -16 -31 -20 -16 -15 -16 -15 -11 -11 -10 -8 -9 1 3 5 18 23 28 -19 -16 -16 -14 -23 -27 -29 -25 -25 -22 -21 -19 -17 -17 -16 -16 -14 -14 -14 -15 -17 -21 -25 -25 -24
-16 -16 -15 -11 -13 -14 -15 -16 -16 -14 -14 -14 -17 -19 -19 -18 -18 -14 -15 -18 -29 -32 -25 -19 -19 -21 -19 -20 -20 -21 -27 -26 -29 -20 -19 -19 -17 -15 -19 -25 -17 -20 -19 -17 -16 -15 -14 -14 -15 -16 -18 -16 -12 -11 -19 -17 -10 2 2 4 4 5 -11 -7 3 7 6 15 19 27 -20 -19 -19 -19 -22 -27 -26 -28 -28 -28 -24 -20 -18 -17 -17 -14 -13 -14 -17 -17 -22 -24 -24 -21 -21 -17
-16 -16 -16 -15 -15 -16 -16 -16 -16 -16 -16 -16 -17 -18 -21 -17 -15 -15 -19 -27 -22 -22 -20 -22 -18 -18 -19 -24 -22 -32 -29 -29 -27 -18 -12 -8 5 -6 -8 -15 -16 -17 -16 -15 -13 -13 -13 -13 -14 -15 -15 -16 -13 -14 -13 -9 2 7 7 8 9 8 6 -21 -5 9 14 18 21 -17 -20 -20 -23 -23 -26 -26 -25 -25 -25 -25 -21 -18 -18 -16 -16 -12 -12 -19 -22 -22 -27 -24 -19 -16 -16 -18
-17 -17 -17 -16 -16 -17 -17 -16 -17 -16 -16 -16 -16 -18 -22 -21 -17 -17 -19 -22 -15 -11 -11 -13 -16 -19 -19 -29 -34 -32 -24 -20 -16 -17 -11 -10 3 -5 -2 -6 -12 -12 -12 -12 -12 -12 -13 -14 -14 -13 -14 -15 -10 -11 -11 -7 2 6 8 10 11 10 6 3 -40 3 -22 -16 -16 -19 -23 -25 -27 -27 -26 -24 -24 -23 -22 -22 -18 -18 -17 -13 -13 -13 -19 -22 -22 -22 -22 -19 -17 -16 -20 -12
-17 -16 -17 -16 -17 -17 -17 -14 -16 -15 -16 -15 -16 -18 -22 -21 -20 -19 -19 -21 -19 -16 -15 -16 -15 -21 -21 -32 -24 -28 -18 -16 -17 -17 -12 -10 -6 -6 -6 -5 -6 -11 -12 -12 -13 -14 -13 -13 -13 -14 -13 -6 5 -8 -10 -10 -8 4 10 5 -50 -53 1 3 -60 -24 -22 -23 -23 -27 -27 -26 -23 -23 -21 -22 -22 -21 -19 -19 -17 -16 -13 -12 -12 -18 -23 -25 -22 -22 -19 -16 -16 -13 -7 -9
-18 -18 -18 -18 -18 -17 -18 -16 -19 -15 -12 -15 -17 -19 -23 -21 -21 -20 -23 -21 -22 -18 -19 -20 -21 -20 -29 -10 -10 -10 -15 -13 -15 -18 -10 -7 -6 -11 -8 -7 -8 -16 -20 -21 -22 -15 -5 -5 3 5 7 2 -7 -9 -8 -12 -9 -10 -8 -11 -12 -13 -14 -15 -22 -24 -26 -25 -25 -23 -22 -21 -21 -21 -22 -21 -19 -18 -15 -15 -13 -10 -12 -18 -18 -22 -23 -21 -17 -17 -15 -15 1 10 14 8
-19 -19 -19 -19 -19 -18 -18 -18 -15 -16 -14 -18 -17 -17 -23 -17 -20 -22 -23 -23 -24 -19 -21 -20 -20 -17 -23 -15 -12 -11 -13 -12 -13 -15 -12 -10 -8 -6 -6 -11 -7 -6 -11 -12 -11 -6 -1 2 5 10 10 3 2 10 -9 -11 -12 -13 -11 -11 -14 -15 -18 -20 -21 -25 -24 -22 -22 -21 -20 -20 -20 -20 -18 -16 -16 -12 -9 -9 -7 -10 -21 -24 -24 -28 -20 -23 -15 -12 3 4 7 17 30 27
-19 -19 -19 -19 -19 -19 -18 -17 -13 -18 -17 -18 -19 -18 -23 -18 -16 -20 -25 -33 -19 -17 -18 -14 -17 -20 -18 -12 -12 -12 -13 -13 -17 -13 -6 4 2 -5 -6 -7 -5 3 14 9 7 5 8 12 18 17 14 12 6 2 -13 -8 -12 -13 -15 -12 -19 -18 -21 -26 -26 -23 -21 -20 -20 -19 -19 -18 -17 -17 -15 -15 -12 -9 -6 -6 -9 -20 -25 -23 -26 -28 -22 -15 -11 -3 10 14 19 37 57 60
-20 -21 -21 -20 -19 -19 -19 -18 -18 -18 -18 -20 -20 -20 -21 -17 -15 -15 -26 -36 -17 -15 -13 -14 -15 -17 -20 -15 -12 -13 -13 -15 -15 -8 3 2 4 -2 -4 -5 -1 5 17 17 24 22 23 29 31 29 18 8 -16 -7 -11 -11 -14 -18 -21 -20 -15 -20 -26 -29 -27 -20 -18 -17 -17 -17 -16 -15 -14 -14 -12 -12 -9 -6 -11 -11 -20 -25 -26 -27 -25 -23 -17 -17 -8 9 23 36 47 60 68 58
-21 -21 -21 -21 -20 -19 -19 -19 -18 -18 -19 -19 -20 -20 -20 -16 -17 -17 -33 -34 -21 -18 -17 -17 -16 -15 -12 -19 -14 -14 -12 -11 -9 24 13 -4 -2 1 -3 -3 -4 6 12 13 11 -17 18 20 -15 -15 -16 -17 -5 -17 -17 -18 -19 -19 -18 -16 -15 -25 -27 -21 -19 -17 -16 -15 -15 -14 -12 -11 -10 -10 -10 -9 -7 -13 -19 -19 -23 -26 -29 -31 -34 -18 -15 -10 3 16 41 56 66 59 56 48
-20 -21 -21 -21 -21 -19 -19 -19 -19 -19 -19 -19 -20 -18 -18 -18 -19 -19 -31 -31 -22 -19 -17 -16 -16 -16 -15 -16 -14 -12 -11 -9 8 24 21 -8 -5 -4 -5 -12 -4 -16 -6 -6 -6 -6 -16 -6 -7 -7 -10 -14 -18 -18 -18 -18 -16 -15 -15 -16 -27 -22 -20 -20 -18 -15 -13 -12 -12 -10 -9 -9 -9 -9 -9 -7 -11 -18 -20 -22 -24 -25 -29 -34 -28 -11 -9 -6 6 30 49 58 57 47 37 35
