models/Buzzards_Bay_129x129_n42s41w-71e-71/materials/textures/gebco/gebco_2021_n41.7934_s41.255_w-71.0767_e-70.536.asc
ncols        129
nrows        129
xllcorner    -71.075000000000
yllcorner    41.254166666667
cellsize     0.004166666667
NODATA_value -32767
[rows 0 to 44 of 129, columns 0 to 95 of 129]
21 23 20 38 46 46 33 31 23 24 22 22 42 58 59 50 49 51 46 36 28 24 23 21 18 21 25 18 14 18 16 16 16 16 18 20 23 19 12 30 19 20 19 19 20 19 19 18 16 15 16 14 16 17 14 15 15 11 12 17 14 27 31 37 37 29 31 24 24 22 24 25 26 24 18 21 20 25 28 33 21 23 20 20 19 17 17 26 35 21 17 14 12 18 19 14
14 20 28 37 50 51 44 41 30 27 23 30 43 51 56 51 49 46 40 36 25 21 21 19 21 27 26 22 20 14 17 17 16 16 18 23 21 19 20 18 22 31 27 24 23 19 16 14 15 17 15 12 16 22 16 14 14 14 14 18 22 15 27 31 36 30 24 27 22 20 22 24 25 29 25 20 20 22 20 26 23 18 21 21 14 10 20 10 16 9 15 17 18 16 17 14
26 21 27 32 50 54 54 48 45 42 29 30 37 47 49 44 46 45 38 36 28 22 20 18 19 23 28 19 18 17 16 16 17 17 18 14 19 18 19 16 20 16 16 20 16 19 18 22 16 15 13 12 18 18 15 18 12 13 12 13 19 14 14 30 40 29 27 26 23 20 18 23 24 23 23 21 21 22 23 22 15 13 14 14 14 9 13 9 9 9 15 14 13 13 9 10
27 29 29 44 56 55 53 51 51 50 40 32 37 41 41 40 43 46 37 31 28 21 19 18 24 18 20 17 19 16 20 15 15 13 14 17 19 15 19 18 22 25 23 19 26 23 17 20 15 12 11 11 12 18 16 10 12 13 13 19 20 20 13 14 24 34 24 24 24 18 21 23 25 23 21 21 21 17 20 25 21 10 15 8 9 8 12 8 13 14 10 14 11 8 7 9
20 37 34 45 53 54 58 52 53 49 42 36 36 36 39 39 38 38 31 29 27 21 18 19 19 16 14 13 16 17 19 16 12 15 22 22 25 15 19 17 18 36 21 17 19 21 19 23 15 11 11 11 11 14 15 13 13 13 18 14 15 10 16 20 22 20 22 18 20 18 18 15 26 29 25 21 17 15 19 28 24 20 13 13 11 17 18 17 8 8 12 14 9 6 7 10
44 46 42 47 54 54 59 54 50 46 45 40 40 40 37 37 36 31 28 26 23 21 17 18 23 26 22 15 16 19 17 14 16 15 18 19 23 19 14 15 19 26 31 21 31 23 18 19 17 13 12 14 16 12 12 10 13 11 12 14 20 11 13 16 18 16 14 9 16 15 15 19 23 23 36 24 9 6 15 16 25 22 17 11 5 8 7 13 4 6 9 6 11 8 12 7
43 42 53 56 60 58 58 57 51 47 47 45 44 48 46 40 38 34 32 27 22 21 17 19 20 32 30 20 16 18 15 12 13 18 15 22 30 19 20 19 23 22 29 21 26 25 18 19 17 15 16 15 16 13 13 19 25 18 15 15 19 20 11 10 16 17 14 9 11 18 19 18 20 16 21 27 23 11 10 9 19 21 19 19 8 7 6 6 5 7 4 3 3 10 8 7
39 47 54 59 60 60 57 55 49 47 47 48 54 59 56 48 42 39 32 24 19 20 16 20 25 32 30 24 17 16 16 15 23 22 19 14 22 32 24 24 33 21 28 23 24 27 25 19 17 20 22 21 18 18 21 20 12 18 16 18 17 19 17 14 10 15 9 10 13 14 18 19 16 15 14 11 11 16 14 9 10 16 13 12 10 6 3 4 8 4 3 4 4 5 9 5
34 38 47 59 63 60 59 53 48 46 47 50 55 56 53 48 45 40 34 24 20 18 15 19 24 33 26 24 20 20 17 17 18 22 27 28 18 17 15 18 23 25 24 27 23 26 29 28 15 18 19 22 21 19 23 18 12 13 15 19 21 14 17 14 8 13 14 14 13 17 19 16 12 12 9 7 11 6 13 3 12 10 7 3 5 8 10 4 5 7 8 10 22 22 13 6
42 34 35 52 62 62 61 52 48 46 46 50 50 51 54 50 49 40 29 23 18 15 16 18 24 28 28 20 17 17 21 26 32 24 15 25 26 19 18 17 22 23 24 25 20 21 23 24 19 18 18 17 16 14 17 18 15 14 15 22 19 21 20 21 14 11 10 12 12 14 14 11 7 5 10 8 6 13 7 4 9 7 10 7 8 4 10 4 4 9 19 21 15 23 11 10
31 35 37 48 55 55 53 55 49 47 47 50 47 48 55 58 51 40 25 21 18 18 14 19 24 26 23 17 22 18 23 33 33 34 20 22 22 23 16 16 18 18 19 24 21 28 23 23 15 15 18 18 18 14 13 12 18 17 14 15 11 15 21 11 12 13 7 8 17 14 12 9 11 5 9 13 11 7 3 5 10 7 6 11 9 4 3 3 3 4 10 14 9 4 7 11
42 38 40 47 48 48 49 51 46 44 45 48 49 47 48 57 49 38 25 22 19 18 16 17 17 21 26 17 16 17 21 38 34 34 25 19 16 15 13 16 23 17 16 16 25 22 21 21 21 14 15 16 24 19 15 15 14 14 20 16 13 14 15 15 18 15 10 7 11 16 11 8 5 3 2 5 9 11 3 4 7 5 4 5 8 5 4 3 4 5 7 12 9 6 6 4
47 46 51 53 52 48 43 41 41 38 39 46 49 46 43 44 43 36 26 24 22 22 23 23 22 22 21 17 17 17 20 34 31 30 32 23 18 18 19 16 19 15 17 23 25 17 16 18 16 13 16 23 19 14 21 11 12 15 18 14 15 13 13 21 21 14 13 8 6 12 10 7 6 5 4 4 6 5 2 3 4 5 5 6 3 3 1 1 5 6 8 12 8 15 16 11
52 56 62 66 57 48 42 41 39 40 40 45 52 47 42 39 36 33 23 21 23 22 27 31 27 24 18 17 19 20 22 30 28 27 29 22 17 16 15 15 17 24 16 21 20 21 15 15 24 17 16 18 20 21 21 16 18 15 16 15 13 14 11 14 8 12 11 13 8 7 7 6 7 5 4 5 8 17 7 2 3 4 8 2 1 0 0 3 5 15 18 21 32 14 7 10
64 75 71 69 55 46 43 40 40 41 42 52 60 54 47 40 35 31 29 26 26 24 37 36 29 22 18 17 18 20 19 28 29 25 25 23 20 17 17 21 16 22 13 14 19 21 18 14 20 17 19 18 16 18 16 20 21 21 16 17 14 11 9 10 15 6 3 9 10 8 10 9 8 6 4 6 5 15 15 3 4 3 5 0 -1 -2 -2 2 4 11 12 4 11 17 4 3
78 77 84 77 64 52 43 40 38 39 47 56 62 62 54 40 29 25 25 23 25 28 39 34 28 22 15 17 15 17 21 24 27 24 24 22 18 20 24 22 17 21 12 9 13 17 21 17 17 15 19 12 18 13 20 21 18 14 16 14 15 10 10 9 6 3 5 3 7 8 13 9 6 7 7 5 5 9 13 13 4 4 1 4 4 -4 -3 -1 0 0 2 6 9 0 -1 -1
74 83 84 93 85 54 41 38 36 38 53 68 63 61 45 34 25 23 18 25 28 27 35 34 31 24 18 16 16 15 20 24 25 26 27 25 20 18 27 27 16 17 11 10 12 20 17 20 18 20 24 16 15 15 16 20 17 15 14 16 20 11 8 9 5 6 3 5 8 12 14 9 9 8 5 4 2 11 15 13 12 12 10 -1 -3 -4 -3 -3 -2 -2 -2 -2 -3 -2 -2 -2
72 83 82 90 83 58 43 36 29 29 42 66 68 55 43 33 23 20 22 25 23 25 35 33 28 23 16 14 14 14 21 24 26 27 29 28 18 18 21 27 19 22 10 11 12 14 18 16 15 16 17 13 15 18 14 18 16 14 16 15 17 15 8 13 13 16 12 10 9 7 13 9 11 8 6 3 2 11 12 10 14 11 9 6 -2 -3 -3 -3 -3 -3 -3 -3 -4 -4 -3 -2
72 74 81 76 76 61 46 33 28 28 32 55 60 54 37 30 23 19 23 19 22 26 33 31 25 23 16 18 16 14 20 24 26 28 31 32 26 22 19 23 15 18 13 13 25 21 16 26 15 22 18 17 16 17 13 19 19 15 16 16 16 14 18 19 16 15 15 13 10 7 7 15 9 5 3 1 2 3 15 12 11 10 8 8 5 0 -2 -4 -4 -4 -4 -4 -5 -4 -3 -3
72 70 75 73 72 61 47 31 28 28 28 42 50 50 34 26 21 16 17 21 23 30 34 32 27 22 20 20 19 16 17 21 26 31 34 31 28 19 18 18 13 14 20 17 15 23 18 23 23 23 20 17 17 14 13 17 22 22 17 19 15 16 19 25 22 17 17 13 11 10 9 5 14 6 2 0 2 6 11 15 11 11 6 12 32 19 -2 -4 -5 -4 -4 -4 -4 -4 -4 -3
71 72 68 70 66 60 48 34 28 28 28 36 47 46 33 25 20 14 15 19 25 34 38 31 27 21 20 14 16 14 19 24 27 29 29 28 20 18 19 15 16 20 14 18 23 28 22 13 13 23 16 14 16 12 14 10 18 21 19 17 17 15 21 25 27 24 11 13 15 14 8 12 11 10 6 -2 -4 4 8 4 15 12 8 6 12 23 12 -4 -5 -5 -4 -4 -3 -4 -4 -3
65 69 68 75 66 62 51 42 29 29 29 37 39 40 36 23 27 14 12 20 34 46 38 31 26 20 17 14 15 16 14 20 25 24 23 18 14 17 18 15 14 16 13 18 19 26 24 18 18 17 18 16 13 14 13 12 16 19 19 19 16 14 17 27 28 25 17 14 16 14 16 13 14 13 7 4 -3 -3 3 2 4 11 11 3 1 0 -2 -4 -5 -5 -4 -4 -4 -4 -4 -4
62 64 68 72 70 60 53 45 25 26 34 53 38 29 25 22 19 19 19 28 40 47 48 32 23 12 15 14 16 17 17 18 23 20 18 18 18 11 12 17 17 10 13 15 18 20 25 16 20 22 16 13 13 16 14 9 9 19 20 18 21 19 22 33 31 24 21 13 10 16 12 17 15 11 12 6 2 -2 -2 -3 -2 3 9 11 -1 -2 -3 -4 -5 -5 -6 -5 -6 -5 -5 -8
57 62 61 68 67 58 48 36 25 23 24 41 44 22 20 20 21 17 27 44 45 37 37 31 22 14 15 15 17 19 20 18 19 17 16 14 16 14 12 12 16 13 17 13 15 16 19 15 20 18 16 22 17 15 14 8 10 18 22 22 23 28 23 32 30 23 22 16 7 9 16 16 12 14 12 9 0 -1 -2 1 2 3 2 11 15 7 -5 -5 -5 -5 -5 -6 -6 -6 -7 -7
53 59 59 65 66 52 41 33 31 22 20 26 29 20 21 24 14 26 44 53 51 36 29 26 18 12 15 18 14 19 20 22 23 16 18 18 13 8 13 13 15 16 15 20 14 17 18 19 27 15 16 16 19 17 13 7 12 16 22 19 25 26 21 27 25 24 25 20 16 11 11 4 12 11 13 11 4 0 -2 -3 -3 2 3 9 5 -3 -5 -6 -6 -6 -6 -6 -6 -6 -6 -8
46 56 59 63 58 45 36 32 27 22 22 15 18 22 28 26 20 38 48 48 48 41 27 16 17 18 18 17 15 15 18 20 29 18 17 14 12 8 10 13 14 15 13 15 20 14 16 23 21 17 17 13 20 11 15 10 8 19 22 23 24 24 27 23 32 27 25 24 18 15 13 7 6 8 6 8 7 1 -1 -3 -4 -4 1 5 4 2 -5 -6 -7 -6 -7 -6 -6 -6 -5 -8
47 56 57 58 53 43 36 31 25 26 21 19 24 22 26 22 25 46 46 44 44 39 25 21 13 13 13 14 12 13 21 21 21 22 13 15 14 10 12 18 15 13 12 16 18 20 14 19 20 22 19 12 9 5 9 8 10 20 24 23 23 24 19 25 34 28 23 24 25 19 14 10 8 3 2 1 2 4 -1 -3 -5 -5 -5 -5 2 1 -4 -5 -7 -7 -7 -8 -6 -6 -9 -11
49 58 55 53 46 39 31 25 23 22 22 18 27 20 27 14 24 39 39 43 48 36 23 16 17 18 18 11 18 14 18 19 17 21 20 13 14 8 8 13 15 16 15 11 13 17 18 21 24 18 19 19 13 7 6 5 8 21 19 23 16 15 13 29 31 28 28 22 18 17 19 15 12 8 3 -1 -3 2 6 -4 -4 -5 -5 -6 -2 1 -4 -4 -6 -6 -7 -8 -8 -6 -11 -8
43 56 51 43 39 32 27 25 23 22 18 17 24 20 22 18 19 31 35 44 47 36 22 12 16 18 16 15 17 11 13 17 16 18 18 17 14 9 9 10 11 9 10 10 16 15 16 16 24 19 28 28 23 10 3 7 12 15 20 16 11 10 26 29 24 24 24 25 24 17 17 15 18 10 5 0 -2 -4 -1 -5 -5 -6 -6 -6 -6 -5 -5 -5 -6 -6 -7 -8 -9 -8 -11 -9
34 46 44 37 30 27 23 24 24 21 15 22 19 26 18 18 19 24 30 34 35 30 21 26 24 15 15 14 16 17 13 17 19 16 15 20 15 11 10 12 13 13 14 17 18 13 21 18 17 21 21 23 25 19 13 10 4 7 13 8 12 19 23 27 31 19 19 25 18 26 16 15 18 14 4 1 -1 -4 -6 -7 -7 -7 -6 -5 -6 0 -6 -5 -6 -7 -6 -9 -10 -10 -10 -7
29 38 36 35 25 23 20 21 19 17 21 23 15 18 16 14 17 19 22 21 27 21 19 24 22 16 15 19 25 13 14 16 16 16 14 17 10 12 9 11 12 12 16 14 11 15 18 10 19 17 22 20 18 21 12 8 5 4 5 9 6 7 9 15 21 23 12 17 18 22 15 12 21 16 11 4 -2 -4 -6 -6 -7 -7 -6 -6 -6 -6 -7 -7 -7 -8 -8 -8 -11 -12 -10 -9
21 26 30 29 25 19 23 18 15 23 24 26 14 14 16 19 17 20 18 17 17 22 21 18 20 16 19 14 14 19 27 22 21 15 18 17 9 0 12 6 5 10 11 11 11 16 9 8 10 12 16 25 29 25 25 18 8 4 7 6 3 3 2 4 9 14 7 6 7 15 12 6 10 10 8 5 -3 -4 -6 -6 -6 -7 -7 -6 -5 -7 -7 -7 -5 -9 -9 -9 -11 -12 -11 -9
18 21 22 23 25 23 27 24 28 24 24 24 16 15 16 23 24 26 25 19 16 21 20 22 18 23 40 28 15 24 33 29 33 18 14 12 9 -3 8 11 10 6 9 14 12 11 13 15 10 15 17 27 30 25 22 17 13 7 2 3 9 2 -3 -4 1 5 6 5 4 6 9 4 8 13 7 4 -3 -5 -6 -7 -6 -7 -8 -5 -5 -5 -7 -9 -8 -8 -7 -10 -14 -12 -11 -9
17 17 22 20 21 24 21 29 26 27 29 32 23 17 23 28 33 32 30 22 14 18 17 21 20 27 37 39 29 19 23 27 30 27 14 10 11 -10 6 11 13 6 6 10 12 11 7 8 10 16 16 24 23 18 18 20 19 15 10 3 -3 -3 -4 -4 -5 -5 4 3 4 3 1 3 2 4 6 3 -3 -6 -8 -8 -8 -4 -4 -4 -4 -7 -7 -7 -7 -8 -8 -11 -12 -11 -10 -10
27 30 22 28 28 21 24 21 22 25 31 32 29 26 24 37 35 40 35 27 21 17 17 22 24 37 34 32 30 22 18 26 29 26 18 10 -3 -6 4 8 7 5 4 8 8 9 6 5 6 5 10 14 20 22 20 21 15 15 11 3 2 -4 -5 -7 -6 -6 -5 -6 -7 -6 -6 1 -4 1 -3 -3 -3 -6 -8 -9 -5 -5 -5 -4 -4 -4 -8 -7 -7 -7 -7 -8 -12 -11 -10 -10
23 31 26 30 23 27 25 28 22 25 28 20 18 18 20 31 38 32 28 22 17 21 17 22 29 40 34 27 25 29 16 17 22 24 17 12 -3 -5 -5 6 3 3 5 4 7 7 7 2 3 2 3 10 13 16 14 19 16 18 16 9 2 4 5 -4 -4 -5 -5 -6 -6 -7 -7 -7 3 3 -4 -4 -5 -7 -6 -7 -7 -6 -5 -5 -5 -7 -7 -9 -8 -8 -8 -8 -12 -11 -10 -10
21 20 23 22 21 20 22 21 17 22 19 17 17 20 19 28 38 31 26 19 21 16 16 16 28 36 36 28 21 26 22 14 18 21 21 20 8 -4 -5 -8 2 3 1 2 2 4 6 5 5 3 3 3 5 5 8 11 12 9 14 9 5 5 10 11 8 -2 -4 -5 -7 -7 -7 -6 -6 -6 -6 -6 -6 -6 -6 -6 -7 -6 -9 -9 -5 -7 -7 -7 -8 -12 -11 -9 -11 -11 -12 -11
21 17 18 15 18 20 21 22 19 26 17 19 21 20 22 31 38 38 24 18 19 19 21 19 24 33 30 25 19 22 23 18 14 16 20 22 12 -4 -6 -8 3 2 2 2 2 5 7 10 13 4 1 2 3 4 3 4 13 10 7 4 3 2 5 12 11 -1 -2 -4 -6 -7 -7 -7 -7 -7 -7 -7 -8 -6 -6 -6 -10 -10 -9 -9 -9 -8 -6 -8 -7 -8 -12 -14 -9 -10 -9 -12
26 18 18 14 13 18 20 23 22 22 20 20 19 20 25 34 36 34 30 22 19 22 15 22 22 30 29 22 19 16 17 19 14 18 18 19 8 -4 -6 -5 -4 3 4 4 -4 -9 2 3 3 3 -1 -2 2 2 3 4 14 12 11 4 1 1 2 8 8 6 -1 -4 -6 -7 -8 -8 -8 -8 -8 -9 -9 -6 -6 -9 -9 -9 -10 -9 -9 -9 -9 -9 -7 -9 -9 -12 -9 -10 -11 -12
32 18 15 10 13 23 25 17 25 24 20 19 18 22 22 25 29 22 20 17 13 13 14 26 22 27 31 20 15 18 17 17 16 20 18 8 4 2 -4 -8 -2 2 4 3 -3 -3 -3 -3 -3 1 2 -2 2 3 -1 -2 5 12 7 2 -1 2 2 2 2 -3 -3 -4 -5 -5 -5 -7 -8 -9 -9 -9 -10 -10 -10 -10 -10 -10 -10 -12 -12 -12 -12 -12 -12 -11 -13 -11 -12 -12 -12 -11
31 20 17 10 12 18 27 18 22 31 24 19 21 20 19 21 18 17 20 18 15 18 28 30 29 28 26 21 14 12 15 12 14 12 8 3 1 2 -3 -3 -7 -6 -3 -3 -3 -3 -5 -4 -4 1 2 2 -1 -1 -1 -2 -2 -2 -2 -3 -2 -2 -2 -2 -3 -4 -5 -5 -6 -6 -7 -8 -8 -9 -10 -10 -10 -11 -10 -10 -10 -10 -12 -12 -12 -12 -12 -13 -13 -11 -12 -11 -10 -11 -11 -10
32 21 21 11 9 18 21 26 27 36 25 17 21 19 19 23 18 24 17 20 20 15 22 27 36 29 20 18 13 13 14 17 14 10 5 4 1 1 4 -3 -6 -4 -7 -2 -2 -2 -5 -5 -4 3 6 4 3 -1 -1 -2 -3 -4 -4 -4 -4 -3 -3 -3 2 -5 -6 -6 -7 -7 -8 -9 -9 -10 -11 -11 -11 -11 -11 -10 -10 -10 -12 -12 -12 -11 -11 -11 -11 -12 -12 -11 -11 -11 -10 -9
24 24 14 10 9 15 24 32 29 37 24 18 20 20 18 17 22 17 16 15 18 12 29 30 31 29 21 22 19 12 16 19 14 6 1 -5 -4 1 2 3 -5 -10 -4 -3 -3 -3 -5 -6 -5 2 3 7 3 -1 -2 -3 -3 -4 -5 -5 -6 -5 -5 -5 -5 -6 -6 -6 -7 -8 -8 -9 -10 -10 -10 -12 -12 -11 -11 -11 -11 -12 -13 -12 -12 -11 -11 -12 -12 -12 -12 -11 -11 -11 -11 -10
20 22 12 9 9 15 23 32 35 34 24 23 20 20 21 18 21 16 19 16 15 14 25 26 29 22 15 17 14 15 16 16 11 5 6 -4 -5 1 6 5 -4 -6 -8 -5 -7 -3 -5 -6 -6 -3 2 2 3 1 -2 -3 -3 -4 -5 -6 -7 -6 -6 -6 -6 -6 -6 -6 -7 -8 -9 -10 -10 -10 -11 -12 -12 -12 -12 -12 -13 -13 -11 -11 -11 -13 -12 -12 -12 -12 -11 -10 -11 -11 -11 -11
19 18 13 10 11 19 19 29 41 36 22 23 27 24 27 27 19 15 12 16 19 13 13 18 20 16 14 9 9 11 13 12 19 9 1 -4 -5 -5 4 5 4 -5 -6 -5 -5 -3 -6 -5 -5 -4 -4 2 1 1 -3 -3 -3 -3 2 -5 -6 -7 -7 -6 -7 -7 -7 -7 -7 -8 -8 -8 -10 -11 -11 -12 -12 -12 -12 -12 -12 -13 -10 -10 -11 -11 -13 -12 -13 -12 -11 -11 -11 -12 -12 -11
